269,5,5212.77880859375,788.0955810546875,71.7216796875,90.09722900390625,0.3446721136569977,-1,-1,-1
270,5,5212.0302734375,788.3961181640625,76.11083984375,89.70184326171875,0.29228952527046204,-1,-1,-1
271,5,5210.48974609375,788.5890502929688,82.373046875,89.92425537109375,0.23068702220916748,-1,-1,-1
272,5,5210.103515625,787.7963256835938,85.240234375,90.91778564453125,0.2229783833026886,-1,-1,-1
273,5,5211.828125,787.603271484375,87.16064453125,91.25634765625,0.2621019780635834,-1,-1,-1
274,5,5215.607421875,787.497314453125,86.52880859375,91.35369873046875,0.2722729444503784,-1,-1,-1
275,5,5216.41455078125,786.681884765625,87.67041015625,92.513671875,0.2723516821861267,-1,-1,-1
276,5,5217.576171875,786.749267578125,86.96435546875,92.1612548828125,0.29928120970726013,-1,-1,-1
277,5,5217.58544921875,787.2472534179688,88.24560546875,91.828369140625,0.2574842870235443,-1,-1,-1
278,5,5218.04833984375,787.48583984375,90.888671875,91.70184326171875,0.19918343424797058,-1,-1,-1
279,5,5216.66064453125,788.7723999023438,93.7744140625,90.6875,0.1649145931005478,-1,-1,-1
280,5,5218.59619140625,788.8445434570312,92.98095703125,91.10089111328125,0.18641330301761627,-1,-1,-1
281,5,5219.8935546875,789.2538452148438,92.220703125,90.61279296875,0.1577105075120926,-1,-1,-1
356,10,5286.99072265625,804.1754150390625,58.63623046875,88.3631591796875,0.36052149534225464,-1,-1,-1
357,10,5288.47412109375,803.768310546875,57.318359375,88.8883056640625,0.3273216485977173,-1,-1,-1
358,10,5291.33447265625,803.50146484375,58.54345703125,88.31243896484375,0.3141837418079376,-1,-1,-1
359,10,5293.86572265625,803.886474609375,60.1748046875,86.4278564453125,0.28212660551071167,-1,-1,-1
360,10,5293.04296875,805.0372924804688,64.0830078125,84.8577880859375,0.1926763653755188,-1,-1,-1
365,10,5298.39794921875,809.6836547851562,61.017578125,83.254638671875,0.3408222794532776,-1,-1,-1
366,10,5297.38525390625,812.5431518554688,61.97900390625,80.374755859375,0.3418000042438507,-1,-1,-1
367,10,5299.23779296875,815.8856811523438,59.91015625,76.6292724609375,0.3656112551689148,-1,-1,-1
368,10,5295.7685546875,819.92138671875,63.22216796875,73.06182861328125,0.29474255442619324,-1,-1,-1
369,10,5293.2431640625,824.317626953125,65.3359375,68.995361328125,0.24804317951202393,-1,-1,-1
370,10,5293.90478515625,825.7713623046875,65.328125,67.72357177734375,0.30394160747528076,-1,-1,-1
371,10,5294.94970703125,826.555908203125,65.4814453125,66.97772216796875,0.27556636929512024,-1,-1,-1
372,10,5298.7236328125,825.0664672851562,62.44287109375,67.99725341796875,0.2509547770023346,-1,-1,-1
373,10,5300.8779296875,825.8057861328125,60.6796875,67.47186279296875,0.23685932159423828,-1,-1,-1
374,10,5301.6025390625,827.9468383789062,60.72216796875,66.2890625,0.2195715457201004,-1,-1,-1
375,10,5299.123046875,828.3729248046875,64.810546875,68.2169189453125,0.2175736129283905,-1,-1,-1
376,10,5297.83251953125,828.1199951171875,67.22021484375,69.25616455078125,0.20678892731666565,-1,-1,-1
377,10,5296.75048828125,829.2433471679688,68.693359375,68.078369140625,0.20478980243206024,-1,-1,-1
378,10,5300.96240234375,829.30322265625,64.52490234375,67.24969482421875,0.25783947110176086,-1,-1,-1
379,10,5304.916015625,829.6184692382812,61.8115234375,66.16729736328125,0.28032806515693665,-1,-1,-1
380,10,5306.56787109375,829.3743286132812,61.33740234375,65.8734130859375,0.2781769335269928,-1,-1,-1
381,10,5306.9345703125,829.0850830078125,62.6806640625,65.86810302734375,0.28483957052230835,-1,-1,-1
382,10,5306.6865234375,827.8218994140625,66.42333984375,67.0045166015625,0.24602586030960083,-1,-1,-1
383,10,5307.4990234375,824.7357177734375,67.7431640625,70.093017578125,0.2993731200695038,-1,-1,-1
384,10,5307.029296875,824.608154296875,68.9384765625,70.43133544921875,0.3134966194629669,-1,-1,-1
385,10,5306.99267578125,824.3473510742188,71.15966796875,70.9429931640625,0.269847571849823,-1,-1,-1
386,10,5303.81005859375,825.6089477539062,77.56298828125,70.25457763671875,0.1896827518939972,-1,-1,-1
417,12,5314.81787109375,819.1015625,69.65283203125,78.9063720703125,0.335851788520813,-1,-1,-1
418,12,5314.12744140625,817.9088134765625,68.91845703125,79.95489501953125,0.3580453097820282,-1,-1,-1
419,12,5314.19384765625,817.9466552734375,67.712890625,79.94293212890625,0.3683941662311554,-1,-1,-1
420,12,5314.4189453125,817.703369140625,66.76904296875,80.08050537109375,0.37529516220092773,-1,-1,-1
421,12,5314.7490234375,816.4713745117188,64.6298828125,81.1798095703125,0.4009084403514862,-1,-1,-1
422,12,5314.4365234375,815.5903930664062,64.32763671875,81.461669921875,0.40301713347435,-1,-1,-1
423,12,5313.7119140625,814.2601318359375,63.4013671875,82.44091796875,0.4064921736717224,-1,-1,-1
424,12,5313.4140625,814.2403564453125,61.34619140625,82.03033447265625,0.4083596169948578,-1,-1,-1
425,12,5312.6337890625,813.7884521484375,58.55029296875,82.0159912109375,0.4083324074745178,-1,-1,-1
426,12,5311.92578125,812.6058959960938,56.7294921875,82.7801513671875,0.40646040439605713,-1,-1,-1
427,12,5311.7314453125,811.4481201171875,54.23046875,83.95855712890625,0.44756802916526794,-1,-1,-1
428,12,5310.97705078125,810.3060913085938,53.3359375,85.03472900390625,0.43832510709762573,-1,-1,-1
429,12,5308.8935546875,810.6455688476562,53.51318359375,84.66192626953125,0.4373830556869507,-1,-1,-1
430,12,5306.64306640625,810.9963989257812,54.04296875,84.1724853515625,0.4346807301044464,-1,-1,-1
431,12,5305.087890625,810.8727416992188,54.48193359375,84.4168701171875,0.4527999460697174,-1,-1,-1
432,12,5303.49365234375,812.1613159179688,55.69384765625,83.16912841796875,0.46724939346313477,-1,-1,-1
433,12,5301.9873046875,812.8196411132812,56.947265625,82.55450439453125,0.46740415692329407,-1,-1,-1
434,12,5299.4130859375,813.0589599609375,59.072265625,82.54913330078125,0.47197166085243225,-1,-1,-1
435,12,5298.568359375,813.6477661132812,59.06103515625,81.92352294921875,0.4626385271549225,-1,-1,-1
436,12,5297.38671875,815.0296630859375,59.48486328125,80.96759033203125,0.4578765630722046,-1,-1,-1
437,12,5297.259765625,816.943115234375,58.7783203125,79.44476318359375,0.4316369593143463,-1,-1,-1
438,12,5296.5693359375,818.375244140625,58.90576171875,78.290283203125,0.4208337068557739,-1,-1,-1
439,12,5296.376953125,819.5741577148438,58.66552734375,77.72802734375,0.41101616621017456,-1,-1,-1
440,12,5295.751953125,823.573974609375,58.96484375,74.7564697265625,0.3938344717025757,-1,-1,-1
441,12,5295.29638671875,828.7886352539062,59.38427734375,70.2071533203125,0.3618752658367157,-1,-1,-1
442,12,5295.41015625,832.2265625,58.87255859375,65.84881591796875,0.31453585624694824,-1,-1,-1
443,12,5295.55078125,834.8082275390625,58.873046875,62.07940673828125,0.26741161942481995,-1,-1,-1
444,12,5294.56103515625,835.1201171875,59.486328125,61.19488525390625,0.2628765404224396,-1,-1,-1
445,12,5294.216796875,834.2280883789062,59.6767578125,61.83392333984375,0.24731196463108063,-1,-1,-1
446,12,5293.7646484375,832.3350219726562,59.888671875,64.04547119140625,0.23219497501850128,-1,-1,-1
447,12,5293.75439453125,830.125,58.63671875,66.37646484375,0.24638397991657257,-1,-1,-1
448,12,5293.45849609375,828.6835327148438,57.5107421875,67.87860107421875,0.24153761565685272,-1,-1,-1
449,12,5293.0634765625,827.3298950195312,56.61083984375,69.05670166015625,0.21154838800430298,-1,-1,-1
450,12,5292.421875,821.5159301757812,56.783203125,74.7698974609375,0.22327476739883423,-1,-1,-1
451,12,5290.37353515625,818.5543212890625,57.91748046875,77.56512451171875,0.20240333676338196,-1,-1,-1
452,12,5291.02685546875,811.1400756835938,55.7880859375,84.5123291015625,0.3473837375640869,-1,-1,-1
453,12,5290.52734375,809.8287353515625,54.79248046875,86.7403564453125,0.35180768370628357,-1,-1,-1
454,12,5287.55078125,810.0890502929688,56.033203125,88.38531494140625,0.3375723958015442,-1,-1,-1
455,12,5284.80322265625,809.330078125,57.986328125,90.00689697265625,0.3774426281452179,-1,-1,-1
456,12,5286.666015625,808.5274047851562,54.36962890625,89.6129150390625,0.3703388273715973,-1,-1,-1
457,12,5279.94970703125,806.166748046875,59.53076171875,91.8516845703125,0.3321309983730316,-1,-1,-1
458,12,5275.73828125,804.6058349609375,63.021484375,93.01885986328125,0.3031548261642456,-1,-1,-1
459,12,5272.3046875,804.440185546875,63.81787109375,92.322021484375,0.28536540269851685,-1,-1,-1
460,12,5265.3701171875,805.60595703125,68.00537109375,90.64520263671875,0.20266996324062347,-1,-1,-1
461,12,5265.90478515625,807.06884765625,66.64990234375,88.9700927734375,0.20494695007801056,-1,-1,-1
462,12,5265.61328125,807.1657104492188,66.623046875,88.7176513671875,0.20855964720249176,-1,-1,-1
463,12,5265.60107421875,805.7860107421875,65.0771484375,89.82708740234375,0.17664018273353577,-1,-1,-1
464,12,5263.5048828125,806.3353271484375,66.0126953125,90.369384765625,0.16968953609466553,-1,-1,-1
485,12,5233.38916015625,784.8248291015625,74.3125,109.44134521484375,0.2826453149318695,-1,-1,-1
486,12,5233.06201171875,785.1010131835938,74.1845703125,109.12933349609375,0.2722313702106476,-1,-1,-1
487,12,5230.681640625,786.8814086914062,76.54150390625,106.85693359375,0.2180435061454773,-1,-1,-1
488,12,5229.666015625,788.5303955078125,77.5009765625,103.96209716796875,0.24788488447666168,-1,-1,-1
489,12,5229.12646484375,789.7342529296875,77.65478515625,101.59124755859375,0.2764527201652527,-1,-1,-1
490,12,5226.86279296875,790.4823608398438,78.24462890625,99.71484375,0.27984482049942017,-1,-1,-1
491,12,5227.115234375,791.2600708007812,78.18359375,97.8009033203125,0.2817496061325073,-1,-1,-1
492,12,5226.49267578125,790.6203002929688,78.13232421875,97.97979736328125,0.24888618290424347,-1,-1,-1
493,12,5223.67431640625,790.7860717773438,79.00439453125,96.58758544921875,0.2547151744365692,-1,-1,-1
494,12,5221.7294921875,790.3858032226562,79.82177734375,96.66668701171875,0.2523793578147888,-1,-1,-1
495,12,5222.8681640625,789.410400390625,79.20751953125,97.90625,0.23157505691051483,-1,-1,-1
498,12,5227.91064453125,787.8743286132812,75.0751953125,101.0859375,0.2609829008579254,-1,-1,-1
499,12,5230.70361328125,787.2308959960938,73.22265625,102.5335693359375,0.2603081464767456,-1,-1,-1
500,12,5232.14404296875,786.5154418945312,72.51025390625,103.50872802734375,0.2529723346233368,-1,-1,-1
501,12,5231.546875,788.7699584960938,73.3974609375,101.0584716796875,0.26911795139312744,-1,-1,-1
502,12,5231.8974609375,789.3508911132812,72.98486328125,100.396484375,0.2842479646205902,-1,-1,-1
503,12,5231.8798828125,790.3211669921875,72.08642578125,99.224853515625,0.3471430540084839,-1,-1,-1
504,12,5231.69384765625,790.7476196289062,71.533203125,98.435546875,0.3624344766139984,-1,-1,-1
505,12,5231.45703125,791.0924682617188,71.0439453125,97.86041259765625,0.37768712639808655,-1,-1,-1
506,12,5227.4716796875,791.1063232421875,74.8564453125,98.0478515625,0.3212900459766388,-1,-1,-1
507,12,5224.57177734375,791.2108764648438,77.2724609375,97.74395751953125,0.3001735508441925,-1,-1,-1
508,12,5225.275390625,791.32275390625,76.72900390625,97.53607177734375,0.29247793555259705,-1,-1,-1
509,12,5229.091796875,790.935546875,73.76416015625,98.0294189453125,0.3237759470939636,-1,-1,-1
510,12,5231.80419921875,789.6817626953125,72.59033203125,99.46539306640625,0.31188395619392395,-1,-1,-1
511,12,5233.31787109375,788.482666015625,71.94384765625,101.5845947265625,0.3004034459590912,-1,-1,-1
512,12,5234.27490234375,788.4985961914062,69.71337890625,101.5074462890625,0.33368051052093506,-1,-1,-1
513,12,5234.18212890625,788.6712646484375,68.9306640625,101.1583251953125,0.3749653697013855,-1,-1,-1
514,12,5234.52197265625,788.9807739257812,68.64013671875,100.56036376953125,0.3436955511569977,-1,-1,-1
515,12,5234.466796875,789.9630126953125,67.9521484375,99.08819580078125,0.37321609258651733,-1,-1,-1
516,12,5234.3134765625,791.03515625,67.41357421875,97.25958251953125,0.38341644406318665,-1,-1,-1
517,12,5234.212890625,791.4105834960938,67.296875,96.6790771484375,0.37748605012893677,-1,-1,-1
518,12,5234.22509765625,791.3512573242188,67.81640625,96.70159912109375,0.375047504901886,-1,-1,-1
519,12,5234.251953125,791.4793090820312,68.31591796875,96.78076171875,0.370205819606781,-1,-1,-1
520,12,5234.29833984375,791.2081298828125,69.25048828125,97.2313232421875,0.3511272966861725,-1,-1,-1
521,12,5234.25927734375,791.2911376953125,69.537109375,97.08404541015625,0.3580437898635864,-1,-1,-1
522,12,5234.267578125,791.4765014648438,69.982421875,97.7596435546875,0.3463347554206848,-1,-1,-1
523,12,5234.3095703125,791.6641235351562,70.625,98.6239013671875,0.3197360038757324,-1,-1,-1
524,12,5233.763671875,791.6255493164062,71.04150390625,98.737060546875,0.3231271505355835,-1,-1,-1
525,12,5232.77197265625,791.1793212890625,72.3994140625,99.5155029296875,0.3028056025505066,-1,-1,-1
526,12,5230.58935546875,791.307861328125,75.0146484375,99.10125732421875,0.28452011942863464,-1,-1,-1
527,12,5229.935546875,790.36181640625,76.97216796875,100.7740478515625,0.272752970457077,-1,-1,-1
528,12,5229.7568359375,788.9283447265625,78.5048828125,103.01531982421875,0.24807657301425934,-1,-1,-1
529,12,5229.79052734375,788.2987060546875,78.8828125,103.99920654296875,0.25406309962272644,-1,-1,-1
530,12,5229.951171875,788.9765014648438,78.9951171875,103.422607421875,0.27823296189308167,-1,-1,-1
531,12,5230.18212890625,789.7747192382812,78.54052734375,102.4090576171875,0.28736162185668945,-1,-1,-1
532,12,5230.59814453125,792.0103149414062,78.37060546875,99.787841796875,0.25698238611221313,-1,-1,-1
533,12,5231.18115234375,793.6831665039062,78.48291015625,98.52423095703125,0.22552447021007538,-1,-1,-1
534,12,5231.7373046875,794.0506591796875,78.28125,98.25958251953125,0.2245113104581833,-1,-1,-1
535,12,5232.34423828125,797.1362915039062,77.80859375,94.5772705078125,0.18746879696846008,-1,-1,-1
536,12,5232.5400390625,799.2974243164062,77.17919921875,91.7237548828125,0.1987743079662323,-1,-1,-1
537,12,5232.7421875,800.5394287109375,76.783203125,90.2994384765625,0.19344013929367065,-1,-1,-1
538,12,5232.63916015625,802.0216064453125,77.40478515625,88.84869384765625,0.16852977871894836,-1,-1,-1
686,21,5298.92333984375,810.5189208984375,60.19970703125,74.517822265625,0.3702181875705719,-1,-1,-1
687,21,5298.84375,808.7262573242188,60.9697265625,75.64385986328125,0.37939682602882385,-1,-1,-1
688,21,5303.73291015625,803.590576171875,57.6904296875,81.6248779296875,0.42620912194252014,-1,-1,-1
689,21,5306.20166015625,800.973876953125,55.54443359375,86.9306640625,0.40676456689834595,-1,-1,-1
690,21,5309.439453125,800.6918334960938,54.5927734375,88.6650390625,0.38262346386909485,-1,-1,-1
691,21,5311.25634765625,801.5541381835938,58.3642578125,87.23052978515625,0.3329053521156311,-1,-1,-1
692,21,5313.734375,801.0277099609375,62.09716796875,87.8135986328125,0.2752685546875,-1,-1,-1
693,21,5316.642578125,800.113037109375,61.86669921875,90.1943359375,0.2765904664993286,-1,-1,-1
694,21,5317.72900390625,800.7684326171875,62.32861328125,90.792724609375,0.2088935226202011,-1,-1,-1
695,21,5317.7119140625,803.6708984375,64.43212890625,89.06744384765625,0.20606471598148346,-1,-1,-1
696,21,5317.67333984375,804.8201904296875,68.2373046875,90.46832275390625,0.18904118239879608,-1,-1,-1
