60,5,5081.86767578125,835.60107421875,76.80712890625,129.8985595703125,0.37218958139419556,-1,-1,-1
61,5,5081.34765625,833.486572265625,74.181640625,132.649658203125,0.3671174943447113,-1,-1,-1
62,5,5081.13232421875,833.010986328125,71.572265625,133.23760986328125,0.3020443320274353,-1,-1,-1
63,5,5074.58935546875,835.2424926757812,73.87255859375,127.70440673828125,0.26456859707832336,-1,-1,-1
64,5,5071.724609375,836.6980590820312,72.86767578125,125.9114990234375,0.2662532329559326,-1,-1,-1
65,5,5070.37548828125,835.3788452148438,70.28564453125,127.56719970703125,0.3082822859287262,-1,-1,-1
66,5,5069.56396484375,838.9627075195312,67.29052734375,125.14068603515625,0.22282856702804565,-1,-1,-1
67,5,5069.40478515625,839.5545654296875,63.0869140625,122.0733642578125,0.210035502910614,-1,-1,-1
68,5,5063.3779296875,836.060546875,69.33251953125,132.89044189453125,0.3229183852672577,-1,-1,-1
69,5,5063.7783203125,837.2214965820312,62.10498046875,126.003662109375,0.3011065125465393,-1,-1,-1
70,5,5056.5478515625,837.8582153320312,64.9580078125,126.65106201171875,0.34675586223602295,-1,-1,-1
71,5,5047.3740234375,835.4009399414062,73.5107421875,137.4906005859375,0.4029281437397003,-1,-1,-1
72,5,5040.34619140625,836.743896484375,79.62890625,139.21160888671875,0.36197030544281006,-1,-1,-1
73,5,5036.87548828125,839.978759765625,80.79541015625,136.13140869140625,0.29035288095474243,-1,-1,-1
74,5,5034.0361328125,842.06689453125,81.81201171875,133.04205322265625,0.2810441851615906,-1,-1,-1
75,5,5028.7939453125,841.6809692382812,85.205078125,137.24884033203125,0.1928434818983078,-1,-1,-1
76,5,5030.8203125,845.412109375,79.28955078125,117.9520263671875,0.18066288530826569,-1,-1,-1
77,5,5028.46728515625,848.5389404296875,78.3505859375,108.5821533203125,0.16196958720684052,-1,-1,-1
87,5,4983.9111328125,834.3106079101562,80.51123046875,126.810302734375,0.35787278413772583,-1,-1,-1
88,5,4982.36572265625,832.8003540039062,79.62890625,129.406005859375,0.36403805017471313,-1,-1,-1
89,5,4980.1728515625,833.4014282226562,78.65234375,128.02239990234375,0.4192071259021759,-1,-1,-1
90,5,4975.81689453125,832.8701171875,80.64990234375,127.44232177734375,0.43934765458106995,-1,-1,-1
91,5,4975.576171875,832.4977416992188,77.4755859375,126.0828857421875,0.42766132950782776,-1,-1,-1
92,5,4972.5732421875,832.7393798828125,76.20068359375,129.30474853515625,0.4619426131248474,-1,-1,-1
93,5,4973.19189453125,834.42333984375,73.01611328125,128.32061767578125,0.46953195333480835,-1,-1,-1
94,5,4973.52978515625,830.291259765625,68.50830078125,127.3082275390625,0.4811052083969116,-1,-1,-1
95,5,4970.2568359375,832.1456298828125,69.5166015625,119.312744140625,0.42010992765426636,-1,-1,-1
96,5,4966.74169921875,833.3958740234375,71.24072265625,113.76531982421875,0.377761572599411,-1,-1,-1
97,5,4966.76123046875,826.027587890625,67.32470703125,111.8094482421875,0.41884708404541016,-1,-1,-1
98,5,4965.90771484375,824.0310668945312,65.4775390625,108.21978759765625,0.3994826376438141,-1,-1,-1
99,5,4962.9833984375,828.4968872070312,65.564453125,102.645751953125,0.32972341775894165,-1,-1,-1
100,5,4959.248046875,828.9033813476562,68.28125,100.83544921875,0.3664778769016266,-1,-1,-1
101,5,4956.76318359375,828.21923828125,67.42529296875,103.2845458984375,0.378609299659729,-1,-1,-1
102,5,4951.1875,831.4359130859375,70.37744140625,103.17059326171875,0.3305644690990448,-1,-1,-1
103,5,4946.3544921875,838.5144653320312,73.61279296875,95.47869873046875,0.23377332091331482,-1,-1,-1
104,5,4942.15869140625,844.2076416015625,76.43994140625,89.0245361328125,0.18330061435699463,-1,-1,-1
105,5,4940.8369140625,842.5991821289062,73.40380859375,88.9364013671875,0.2777024805545807,-1,-1,-1
106,5,4936.1015625,840.9050903320312,77.50048828125,93.5189208984375,0.2260086089372635,-1,-1,-1
107,5,4933.9697265625,842.1491088867188,77.6630859375,104.07275390625,0.19420397281646729,-1,-1,-1
115,5,4923.6494140625,830.4642944335938,76.44140625,126.8375244140625,0.3451728820800781,-1,-1,-1
116,5,4921.4111328125,830.2200927734375,78.14697265625,129.79486083984375,0.3781374394893646,-1,-1,-1
117,5,4918.99853515625,832.8102416992188,80.56298828125,130.58990478515625,0.40667080879211426,-1,-1,-1
118,5,4915.5556640625,832.7135009765625,82.60107421875,132.03558349609375,0.3841916620731354,-1,-1,-1
119,5,4911.59375,831.6176147460938,85.7900390625,135.56585693359375,0.3134763240814209,-1,-1,-1
120,5,4907.763671875,835.05712890625,89.951171875,134.828857421875,0.3991979956626892,-1,-1,-1
121,5,4903.34033203125,836.5564575195312,92.38671875,135.29400634765625,0.4181100130081177,-1,-1,-1
122,5,4905.46826171875,833.2503051757812,80.6474609375,135.0927734375,0.4021633565425873,-1,-1,-1
123,5,4904.78173828125,833.2944946289062,75.17626953125,134.107177734375,0.42267075181007385,-1,-1,-1
124,5,4901.89306640625,839.2888793945312,75.33056640625,130.189697265625,0.38903266191482544,-1,-1,-1
125,5,4895.48876953125,840.0584106445312,83.38134765625,135.8131103515625,0.4595750570297241,-1,-1,-1
126,5,4899.4267578125,838.1304321289062,75.71142578125,133.7275390625,0.42709439992904663,-1,-1,-1
127,5,4901.0439453125,837.3115844726562,67.109375,131.736328125,0.43830832839012146,-1,-1,-1
128,5,4900.57763671875,839.7266235351562,60.91845703125,125.4716796875,0.383536159992218,-1,-1,-1
129,5,4896.69580078125,843.80029296875,62.2041015625,123.92596435546875,0.3067224323749542,-1,-1,-1
130,5,4893.8271484375,840.02978515625,63.53857421875,129.4200439453125,0.42958810925483704,-1,-1,-1
131,5,4891.4111328125,834.7445678710938,64.83447265625,136.21014404296875,0.45197242498397827,-1,-1,-1
132,5,4889.087890625,835.9305419921875,64.798828125,134.13458251953125,0.43643009662628174,-1,-1,-1
133,5,4885.05224609375,840.8662109375,66.69775390625,130.364990234375,0.40543094277381897,-1,-1,-1
134,5,4881.4853515625,843.8941040039062,71.5615234375,126.26324462890625,0.35555586218833923,-1,-1,-1
135,5,4878.2978515625,844.08447265625,75.048828125,125.813720703125,0.34233248233795166,-1,-1,-1
136,5,4874.88330078125,843.7669067382812,77.3017578125,126.29400634765625,0.35881951451301575,-1,-1,-1
137,5,4872.04541015625,846.0595092773438,77.5703125,122.76416015625,0.3087337017059326,-1,-1,-1
138,5,4870.01806640625,849.5089111328125,77.365234375,120.6385498046875,0.2491716593503952,-1,-1,-1
139,5,4869.24609375,846.8184204101562,73.60302734375,122.9378662109375,0.32632380723953247,-1,-1,-1
140,5,4867.193359375,842.4209594726562,72.35205078125,126.44146728515625,0.35228851437568665,-1,-1,-1
141,5,4865.28173828125,846.0450439453125,71.2265625,124.29815673828125,0.29718512296676636,-1,-1,-1
142,5,4862.1962890625,846.5690307617188,71.61865234375,121.66259765625,0.2899744510650635,-1,-1,-1
143,5,4858.26220703125,840.1724243164062,73.44091796875,127.9849853515625,0.3004544675350189,-1,-1,-1
144,5,4854.14501953125,839.6380615234375,77.998046875,133.38592529296875,0.3509262800216675,-1,-1,-1
145,5,4850.32373046875,838.0565795898438,81.3798828125,136.12274169921875,0.35860925912857056,-1,-1,-1
146,5,4849.77197265625,839.217529296875,77.107421875,130.85699462890625,0.2982349097728729,-1,-1,-1
147,5,4851.65771484375,837.0602416992188,73.27685546875,133.56927490234375,0.25064173340797424,-1,-1,-1
148,5,4851.5849609375,834.6920776367188,72.53515625,135.7908935546875,0.25855594873428345,-1,-1,-1
149,5,4846.55810546875,831.2550659179688,77.8544921875,139.28314208984375,0.3287387490272522,-1,-1,-1
149,15,4097.16259765625,788.1851806640625,62.6201171875,105.165283203125,0.41184836626052856,-1,-1,-1
150,5,4831.16796875,839.5671997070312,90.60546875,137.5235595703125,0.310660719871521,-1,-1,-1
150,15,4096.9609375,791.091796875,59.99462890625,92.436279296875,0.36277157068252563,-1,-1,-1
151,5,4825.52783203125,841.5205078125,94.8271484375,138.1947021484375,0.32664409279823303,-1,-1,-1
151,15,4096.9697265625,790.89501953125,61.96484375,91.51904296875,0.3152468800544739,-1,-1,-1
152,5,4823.1640625,840.8941650390625,96.3984375,139.41326904296875,0.35119155049324036,-1,-1,-1
152,15,4097.4814453125,790.49609375,65.462890625,94.06817626953125,0.26039645075798035,-1,-1,-1
153,5,4823.3310546875,844.6626586914062,92.1845703125,135.525146484375,0.2469087392091751,-1,-1,-1
153,15,4098.34619140625,790.759765625,69.30419921875,93.696533203125,0.18941593170166016,-1,-1,-1
154,5,4823.6787109375,846.20654296875,89.4306640625,133.90802001953125,0.3316921591758728,-1,-1,-1
155,5,4823.25,842.3402099609375,92.35498046875,138.03167724609375,0.41787874698638916,-1,-1,-1
156,5,4823.2509765625,843.39404296875,91.5859375,136.40655517578125,0.34560051560401917,-1,-1,-1
157,5,4822.77978515625,843.8111572265625,85.927734375,134.0565185546875,0.36819082498550415,-1,-1,-1
158,5,4823.2861328125,842.5924682617188,80.49072265625,134.06878662109375,0.3526008725166321,-1,-1,-1
159,5,4824.25634765625,845.9007568359375,75.49267578125,131.33050537109375,0.2755131125450134,-1,-1,-1
160,5,4821.111328125,845.3193359375,76.3017578125,130.8167724609375,0.3556511104106903,-1,-1,-1
161,5,4818.251953125,847.3746948242188,74.44287109375,129.84735107421875,0.27754953503608704,-1,-1,-1
162,5,4816.8984375,843.4844970703125,68.7509765625,130.1368408203125,0.3833105266094208,-1,-1,-1
163,5,4813.234375,846.0474853515625,69.66162109375,127.94769287109375,0.32698512077331543,-1,-1,-1
164,5,4807.4228515625,848.0406494140625,73.20361328125,124.56500244140625,0.28942129015922546,-1,-1,-1
165,5,4803.39990234375,848.498779296875,77.40673828125,125.71856689453125,0.3184970021247864,-1,-1,-1
166,5,4798.4248046875,846.106689453125,85.53515625,130.866455078125,0.3362317979335785,-1,-1,-1
167,5,4793.3779296875,845.4932861328125,89.576171875,132.6806640625,0.24448248744010925,-1,-1,-1
168,5,4789.80029296875,845.9822387695312,90.36474609375,129.64019775390625,0.18403121829032898,-1,-1,-1
169,5,4790.59716796875,846.01708984375,82.44091796875,127.22265625,0.18004482984542847,-1,-1,-1
183,5,4753.40234375,836.1604614257812,76.5380859375,128.1217041015625,0.26725462079048157,-1,-1,-1
184,18,4178.18994140625,789.7576904296875,52.6591796875,95.984130859375,0.36232858896255493,-1,-1,-1
184,5,4744.1015625,839.7468872070312,81.47607421875,126.84295654296875,0.2623239755630493,-1,-1,-1
185,18,4178.8486328125,793.8602905273438,54.76953125,93.596923828125,0.31705236434936523,-1,-1,-1
185,5,4742.302734375,837.0317993164062,80.76611328125,124.5653076171875,0.255816787481308,-1,-1,-1
186,18,4179.21875,802.6974487304688,60.17236328125,83.39178466796875,0.2827414572238922,-1,-1,-1
186,5,4740.83154296875,837.5486450195312,77.92626953125,118.64459228515625,0.2875886559486389,-1,-1,-1
187,18,4179.52880859375,804.7229614257812,66.609375,86.17852783203125,0.22559694945812225,-1,-1,-1
187,5,4739.4443359375,842.1387939453125,73.2216796875,111.364990234375,0.2957625985145569,-1,-1,-1
188,18,4179.15380859375,803.6370239257812,67.8583984375,84.1605224609375,0.18602930009365082,-1,-1,-1
188,5,4738.58447265625,841.7532958984375,64.77197265625,110.16192626953125,0.26130592823028564,-1,-1,-1
189,5,4739.0048828125,840.0519409179688,59.96337890625,115.4254150390625,0.24660000205039978,-1,-1,-1
190,5,4732.37451171875,840.294921875,61.85400390625,111.0316162109375,0.2395883947610855,-1,-1,-1
191,5,4727.62744140625,839.8827514648438,63.64404296875,103.46185302734375,0.23873257637023926,-1,-1,-1
192,5,4725.5361328125,837.731201171875,62.01416015625,104.81964111328125,0.29311180114746094,-1,-1,-1
193,5,4720.60986328125,838.8642578125,62.375,95.14215087890625,0.1838371604681015,-1,-1,-1
463,24,4255.66259765625,797.943603515625,52.4970703125,90.74591064453125,0.35025230050086975,-1,-1,-1
464,24,4255.7001953125,798.0083618164062,52.66259765625,90.94439697265625,0.3629174530506134,-1,-1,-1
465,24,4254.90625,799.0112915039062,53.3369140625,89.91339111328125,0.3566349744796753,-1,-1,-1
465,26,4683.5986328125,880.5480346679688,76.9443359375,105.14599609375,0.32363975048065186,-1,-1,-1
466,24,4254.91796875,799.1593627929688,53.158203125,89.7325439453125,0.3729650378227234,-1,-1,-1
466,26,4685.93310546875,879.9111938476562,74.603515625,104.89617919921875,0.3367736339569092,-1,-1,-1
467,24,4254.6826171875,798.8408813476562,53.4462890625,90.02227783203125,0.36925628781318665,-1,-1,-1
467,26,4688.115234375,880.1142578125,72.61767578125,103.80902099609375,0.3301021456718445,-1,-1,-1
468,24,4254.78857421875,798.045654296875,53.56640625,90.20733642578125,0.3553634285926819,-1,-1,-1
468,26,4689.08984375,880.5025024414062,71.2900390625,101.56402587890625,0.3103092312812805,-1,-1,-1
469,24,4255.59716796875,797.0662841796875,53.13916015625,90.7196044921875,0.3614580035209656,-1,-1,-1
469,26,4690.27490234375,880.4384155273438,69.87255859375,101.5928955078125,0.2998661398887634,-1,-1,-1
470,24,4256.001953125,796.717529296875,52.73583984375,90.80865478515625,0.3676452040672302,-1,-1,-1
470,26,4693.76611328125,880.2442626953125,66.3330078125,101.69757080078125,0.31685158610343933,-1,-1,-1
471,24,4256.64306640625,798.9793701171875,52.48486328125,88.7225341796875,0.37181025743484497,-1,-1,-1
471,26,4695.0966796875,880.0656127929688,65.04638671875,101.7371826171875,0.30446216464042664,-1,-1,-1
472,24,4257.2353515625,799.230224609375,52.23095703125,88.86224365234375,0.3865841031074524,-1,-1,-1
472,26,4695.9140625,879.2819213867188,64.27783203125,103.2548828125,0.32385411858558655,-1,-1,-1
473,24,4257.74365234375,797.926025390625,51.78662109375,90.1824951171875,0.3922267556190491,-1,-1,-1
473,26,4696.92041015625,879.2877807617188,63.498046875,103.5494384765625,0.34474992752075195,-1,-1,-1
474,24,4258.05322265625,797.1350708007812,51.38330078125,90.1571044921875,0.35039690136909485,-1,-1,-1
474,26,4697.4130859375,878.6348266601562,63.2021484375,104.2451171875,0.34781980514526367,-1,-1,-1
475,24,4258.2939453125,797.2493286132812,51.072265625,89.0753173828125,0.32846057415008545,-1,-1,-1
475,26,4698.19921875,877.7987670898438,62.68212890625,105.02947998046875,0.3450985252857208,-1,-1,-1
476,24,4258.5078125,798.1574096679688,50.9912109375,87.33819580078125,0.27798569202423096,-1,-1,-1
476,26,4700.65087890625,877.4197387695312,60.8154296875,105.080810546875,0.34213343262672424,-1,-1,-1
477,24,4258.67822265625,799.6171875,51.12353515625,86.2059326171875,0.30186861753463745,-1,-1,-1
477,26,4702.32275390625,876.5198974609375,60.19775390625,106.1036376953125,0.3416121304035187,-1,-1,-1
478,24,4258.80615234375,799.5367431640625,51.3115234375,85.9993896484375,0.2940666973590851,-1,-1,-1
478,26,4703.16455078125,875.7067260742188,60.44091796875,106.87939453125,0.337253600358963,-1,-1,-1
479,24,4258.8466796875,799.492431640625,51.69287109375,86.08868408203125,0.28088998794555664,-1,-1,-1
479,26,4705.0107421875,874.0670166015625,59.3984375,108.154541015625,0.3222408890724182,-1,-1,-1
480,24,4258.662109375,799.3700561523438,51.93505859375,86.27587890625,0.3045375645160675,-1,-1,-1
480,26,4705.97314453125,873.4322509765625,58.70947265625,108.338134765625,0.3030906021595001,-1,-1,-1
481,24,4258.64794921875,798.8499145507812,52.01318359375,86.94537353515625,0.33995121717453003,-1,-1,-1
481,26,4706.43212890625,871.6792602539062,58.33642578125,109.744873046875,0.31618279218673706,-1,-1,-1
482,24,4258.67529296875,797.7818603515625,51.9892578125,87.84918212890625,0.36496707797050476,-1,-1,-1
482,26,4706.6640625,870.2130737304688,58.59912109375,111.31549072265625,0.30530524253845215,-1,-1,-1
483,24,4258.9580078125,796.7286376953125,51.978515625,88.3031005859375,0.34494003653526306,-1,-1,-1
483,26,4707.3564453125,868.1932983398438,58.61083984375,113.42779541015625,0.26448631286621094,-1,-1,-1
484,24,4259.294921875,795.68603515625,51.92578125,88.8458251953125,0.3427830636501312,-1,-1,-1
484,26,4708.81103515625,867.1174926757812,57.6552734375,114.79296875,0.22386665642261505,-1,-1,-1
485,24,4259.701171875,795.2158813476562,52.11181640625,89.0174560546875,0.29127341508865356,-1,-1,-1
485,26,4709.71142578125,867.9842529296875,57.79541015625,113.73870849609375,0.24189820885658264,-1,-1,-1
486,24,4259.9658203125,793.832763671875,52.1064453125,90.21124267578125,0.29999664425849915,-1,-1,-1
486,26,4710.5009765625,867.5363159179688,58.97314453125,114.86370849609375,0.22639378905296326,-1,-1,-1
487,24,4260.08544921875,791.8429565429688,52.64892578125,92.90069580078125,0.30449017882347107,-1,-1,-1
487,26,4711.3837890625,866.2235717773438,61.59423828125,116.21551513671875,0.22713376581668854,-1,-1,-1
488,24,4260.13330078125,790.2749633789062,52.83935546875,94.756103515625,0.31794750690460205,-1,-1,-1
488,26,4712.4267578125,864.8154907226562,63.626953125,117.782470703125,0.22722256183624268,-1,-1,-1
489,24,4260.2060546875,789.3903198242188,53.36083984375,95.7471923828125,0.2870098948478699,-1,-1,-1
489,26,4712.93701171875,864.6524658203125,64.9248046875,118.80859375,0.20794442296028137,-1,-1,-1
490,24,4260.1904296875,789.1818237304688,53.74169921875,96.17218017578125,0.29006028175354004,-1,-1,-1
490,26,4713.9287109375,865.7123413085938,64.59130859375,118.26055908203125,0.20752716064453125,-1,-1,-1
491,24,4260.30859375,789.0469970703125,54.0498046875,95.58551025390625,0.25562402606010437,-1,-1,-1
491,26,4715.8232421875,867.3765258789062,63.97216796875,117.24346923828125,0.20058640837669373,-1,-1,-1
492,24,4260.271484375,789.1644287109375,54.603515625,95.34820556640625,0.264579713344574,-1,-1,-1
492,26,4717.552734375,866.3159790039062,66.06494140625,118.3612060546875,0.2315916270017624,-1,-1,-1
493,24,4260.30908203125,789.5275268554688,55.26611328125,94.72637939453125,0.2660297453403473,-1,-1,-1
493,26,4718.0625,865.15771484375,68.81494140625,119.28302001953125,0.2577490210533142,-1,-1,-1
494,24,4260.322265625,789.4622192382812,55.4365234375,94.1732177734375,0.23802801966667175,-1,-1,-1
494,26,4719.60546875,866.2313232421875,68.49658203125,117.62823486328125,0.2805470824241638,-1,-1,-1
495,24,4260.40771484375,789.2535400390625,55.77978515625,93.548583984375,0.21678593754768372,-1,-1,-1
495,26,4721.0927734375,867.4699096679688,67.4892578125,116.11865234375,0.3079422116279602,-1,-1,-1
496,24,4260.47265625,789.2195434570312,56.16357421875,93.4150390625,0.22315426170825958,-1,-1,-1
496,26,4721.580078125,866.7813110351562,67.8681640625,117.05389404296875,0.31055381894111633,-1,-1,-1
497,24,4260.4619140625,788.7852172851562,56.40966796875,94.0701904296875,0.22174376249313354,-1,-1,-1
497,26,4722.361328125,865.297607421875,71.69287109375,117.69720458984375,0.3032974600791931,-1,-1,-1
498,24,4260.26904296875,788.4671020507812,56.33447265625,93.712646484375,0.1923811286687851,-1,-1,-1
498,26,4724.310546875,864.6826171875,73.41162109375,116.70831298828125,0.2755402624607086,-1,-1,-1
499,24,4260.30126953125,787.7274780273438,56.771484375,94.70758056640625,0.16445226967334747,-1,-1,-1
499,26,4725.18994140625,864.7481079101562,74.20751953125,116.07720947265625,0.2423223853111267,-1,-1,-1
500,26,4727.40869140625,863.3876953125,71.47802734375,117.42559814453125,0.22632189095020294,-1,-1,-1
501,26,4733.81884765625,862.9696044921875,66.96923828125,117.48431396484375,0.22465291619300842,-1,-1,-1
502,26,4734.61767578125,862.3594970703125,71.1298828125,117.95880126953125,0.2611791491508484,-1,-1,-1
503,26,4736.208984375,861.1284790039062,72.30126953125,120.17266845703125,0.184817373752594,-1,-1,-1
504,26,4739.33935546875,861.0848388671875,70.546875,120.3857421875,0.15646380186080933,-1,-1,-1
546,32,4258.58642578125,809.5826416015625,52.38671875,80.35784912109375,0.34620609879493713,-1,-1,-1
547,32,4258.73583984375,807.9010009765625,52.91552734375,82.357177734375,0.3553660809993744,-1,-1,-1
548,32,4259.1279296875,805.9197998046875,53.1201171875,84.9691162109375,0.3489302694797516,-1,-1,-1
549,32,4259.03369140625,803.9835205078125,53.404296875,87.25384521484375,0.3336617648601532,-1,-1,-1
549,34,4844.5107421875,869.1863403320312,80.60888671875,112.39923095703125,0.3431115448474884,-1,-1,-1
550,32,4259.00146484375,802.4443359375,53.4169921875,88.593017578125,0.3228573799133301,-1,-1,-1
550,34,4847.8955078125,868.9105224609375,76.8564453125,113.38226318359375,0.3993445038795471,-1,-1,-1
551,32,4259.07666015625,801.3409423828125,53.43896484375,89.7957763671875,0.3412301540374756,-1,-1,-1
551,34,4849.40234375,870.0795288085938,75.52294921875,113.04327392578125,0.4095090329647064,-1,-1,-1
552,32,4259.3056640625,801.1375732421875,53.74560546875,90.0185546875,0.3507223427295685,-1,-1,-1
552,34,4852.15283203125,870.8519287109375,72.77490234375,110.56427001953125,0.42392149567604065,-1,-1,-1
553,32,4258.9599609375,801.5712890625,54.435546875,89.9208984375,0.367587149143219,-1,-1,-1
553,34,4852.94091796875,870.694580078125,73.2470703125,109.77410888671875,0.43775805830955505,-1,-1,-1
554,32,4259.6572265625,801.604248046875,56.283203125,90.08367919921875,0.2804444134235382,-1,-1,-1
554,34,4853.13037109375,871.4310302734375,75.74169921875,112.28594970703125,0.402097225189209,-1,-1,-1
555,32,4260.1640625,800.8785400390625,58.4453125,90.8995361328125,0.2129872590303421,-1,-1,-1
555,34,4850.02294921875,870.8875732421875,84.396484375,114.72381591796875,0.39339420199394226,-1,-1,-1
556,32,4260.50341796875,799.3092041015625,60.4208984375,92.70452880859375,0.15732820332050323,-1,-1,-1
556,34,4850.44189453125,869.282470703125,88.984375,118.07470703125,0.40546613931655884,-1,-1,-1
557,32,4260.57958984375,797.4894409179688,61.74365234375,94.90777587890625,0.1670597642660141,-1,-1,-1
557,34,4849.17431640625,868.2395629882812,93.75390625,121.70294189453125,0.43616753816604614,-1,-1,-1
558,32,4260.52978515625,796.8197631835938,62.08154296875,94.29351806640625,0.16139961779117584,-1,-1,-1
558,34,4848.87060546875,868.0511474609375,96.26220703125,123.474365234375,0.3875507712364197,-1,-1,-1
559,32,4260.2685546875,797.0136108398438,61.67822265625,91.7781982421875,0.16972008347511292,-1,-1,-1
559,34,4850.80126953125,866.14599609375,95.1689453125,125.80694580078125,0.3863288164138794,-1,-1,-1
560,32,4259.93896484375,797.6268310546875,61.06201171875,88.75299072265625,0.19464799761772156,-1,-1,-1
560,34,4852.96484375,864.6266479492188,98.6376953125,127.306396484375,0.41446757316589355,-1,-1,-1
561,32,4259.82421875,798.2014770507812,60.67822265625,86.51702880859375,0.21727444231510162,-1,-1,-1
561,34,4852.77783203125,866.1671142578125,100.99755859375,125.7357177734375,0.34768128395080566,-1,-1,-1
562,32,4259.64892578125,799.1430053710938,60.1728515625,85.02984619140625,0.2744019329547882,-1,-1,-1
562,34,4858.19287109375,866.4526977539062,99.29443359375,124.96405029296875,0.38488224148750305,-1,-1,-1
563,32,4259.56103515625,798.7612915039062,59.81884765625,85.66839599609375,0.29607105255126953,-1,-1,-1
563,34,4868.77392578125,865.8514404296875,91.66162109375,124.56475830078125,0.4248085618019104,-1,-1,-1
564,32,4259.88671875,795.6625366210938,58.98828125,90.22442626953125,0.3570796847343445,-1,-1,-1
564,34,4877.41650390625,866.0079956054688,85.4560546875,122.712646484375,0.4176778197288513,-1,-1,-1
565,32,4259.98193359375,795.9779663085938,58.27392578125,91.02447509765625,0.37768876552581787,-1,-1,-1
565,34,4881.48974609375,865.1139526367188,82.173828125,122.09429931640625,0.38846176862716675,-1,-1,-1
566,32,4259.8466796875,796.4934692382812,57.39306640625,91.36279296875,0.40057775378227234,-1,-1,-1
566,34,4886.97314453125,863.714111328125,80.380859375,123.6614990234375,0.40905633568763733,-1,-1,-1
567,32,4259.71826171875,794.8485717773438,56.1455078125,93.6785888671875,0.3889704644680023,-1,-1,-1
567,34,4887.92724609375,862.7128295898438,82.78857421875,124.6595458984375,0.43017345666885376,-1,-1,-1
568,32,4259.9619140625,797.997314453125,56.42236328125,90.35955810546875,0.3338058590888977,-1,-1,-1
568,34,4891.65771484375,863.423828125,80.48974609375,123.42620849609375,0.44996580481529236,-1,-1,-1
569,32,4260.2529296875,797.8413696289062,55.9072265625,89.86480712890625,0.2832564413547516,-1,-1,-1
569,34,4894.91357421875,863.9308471679688,77.94140625,122.72015380859375,0.43166375160217285,-1,-1,-1
570,32,4260.25830078125,797.9071044921875,54.9052734375,88.87835693359375,0.23478573560714722,-1,-1,-1
570,34,4896.314453125,864.670166015625,76.603515625,122.769775390625,0.366708368062973,-1,-1,-1
571,32,4259.9375,799.7740478515625,54.2548828125,86.8955078125,0.2657579481601715,-1,-1,-1
571,34,4896.21142578125,864.695068359375,76.22265625,123.48162841796875,0.34931570291519165,-1,-1,-1
572,32,4259.68115234375,798.7335815429688,53.2314453125,88.29119873046875,0.2807008624076843,-1,-1,-1
572,34,4896.99853515625,864.3831787109375,75.16455078125,123.8841552734375,0.35136550664901733,-1,-1,-1
573,32,4259.474609375,793.6254272460938,52.56787109375,93.13128662109375,0.27757781744003296,-1,-1,-1
573,34,4898.25048828125,864.7627563476562,74.7138671875,123.42156982421875,0.35062408447265625,-1,-1,-1
574,32,4259.30810546875,791.6314086914062,52.68701171875,94.8719482421875,0.3049052655696869,-1,-1,-1
574,34,4897.78564453125,864.5967407226562,76.97119140625,123.8201904296875,0.31956931948661804,-1,-1,-1
575,32,4259.3212890625,793.185546875,53.19287109375,93.657470703125,0.32167208194732666,-1,-1,-1
575,34,4897.22021484375,863.745361328125,80.529296875,124.57568359375,0.31646788120269775,-1,-1,-1
576,32,4259.224609375,794.587890625,53.365234375,92.7232666015625,0.3526686429977417,-1,-1,-1
576,34,4901.09423828125,862.4118041992188,78.26416015625,124.6849365234375,0.3208943009376526,-1,-1,-1
577,32,4259.31884765625,798.245849609375,54.5966796875,89.80023193359375,0.38140127062797546,-1,-1,-1
577,34,4904.33447265625,861.57177734375,74.84033203125,124.2266845703125,0.31644755601882935,-1,-1,-1
578,32,4259.2275390625,800.536376953125,54.67236328125,87.67987060546875,0.41213467717170715,-1,-1,-1
578,34,4905.578125,861.6859130859375,73.81494140625,124.042236328125,0.31687021255493164,-1,-1,-1
579,32,4258.884765625,800.8746948242188,53.4892578125,86.65277099609375,0.45185068249702454,-1,-1,-1
579,34,4906.05859375,861.0211791992188,75.46923828125,122.2314453125,0.3130938708782196,-1,-1,-1
580,32,4258.42529296875,799.903076171875,52.29052734375,87.55206298828125,0.47194918990135193,-1,-1,-1
580,34,4906.14404296875,859.876220703125,77.09423828125,122.57916259765625,0.29896941781044006,-1,-1,-1
581,32,4258.30419921875,799.5634765625,51.1806640625,87.70233154296875,0.4871511161327362,-1,-1,-1
581,34,4911.8505859375,857.7244262695312,82.79833984375,125.157470703125,0.32200247049331665,-1,-1,-1
582,32,4258.32666015625,799.1815795898438,50.6513671875,87.861083984375,0.4837126135826111,-1,-1,-1
582,34,4914.71044921875,857.5611572265625,84.49658203125,125.30218505859375,0.36018213629722595,-1,-1,-1
583,32,4258.2080078125,799.364501953125,50.26171875,87.45294189453125,0.47885453701019287,-1,-1,-1
583,34,4917.72265625,857.977294921875,83.89892578125,124.9212646484375,0.3633354902267456,-1,-1,-1
584,32,4257.99951171875,802.367431640625,49.912109375,84.15478515625,0.41608887910842896,-1,-1,-1
584,34,4920.3173828125,859.6213989257812,81.43603515625,122.5166015625,0.31426212191581726,-1,-1,-1
585,32,4257.95751953125,806.3175048828125,49.494140625,80.22711181640625,0.400770366191864,-1,-1,-1
585,34,4922.39306640625,860.196533203125,79.12841796875,121.2181396484375,0.2969971299171448,-1,-1,-1
586,32,4257.830078125,807.870849609375,49.1650390625,79.188720703125,0.40218889713287354,-1,-1,-1
586,34,4924.69921875,859.8734741210938,77.48193359375,121.1033935546875,0.3203483819961548,-1,-1,-1
587,32,4257.77734375,808.472900390625,48.9609375,79.017822265625,0.3951853811740875,-1,-1,-1
587,34,4925.927734375,859.617919921875,77.2529296875,121.40374755859375,0.3192771375179291,-1,-1,-1
588,32,4257.16943359375,809.66748046875,49.18017578125,79.709228515625,0.3973187506198883,-1,-1,-1
588,34,4925.896484375,859.3970947265625,77.96240234375,121.4378662109375,0.3412471413612366,-1,-1,-1
589,32,4256.9482421875,810.6524047851562,49.244140625,79.983154296875,0.3922733962535858,-1,-1,-1
589,34,4926.830078125,859.3461303710938,77.578125,120.616455078125,0.30287447571754456,-1,-1,-1
590,32,4256.92236328125,806.8059692382812,49.43017578125,84.4942626953125,0.4378082752227783,-1,-1,-1
590,34,4922.81640625,863.72900390625,88.01611328125,118.77117919921875,0.313059538602829,-1,-1,-1
591,32,4256.90869140625,805.689697265625,49.27978515625,86.0538330078125,0.3995209038257599,-1,-1,-1
591,34,4921.8974609375,865.3251953125,91.10107421875,117.9744873046875,0.321829617023468,-1,-1,-1
592,32,4256.345703125,805.9050903320312,49.44482421875,85.796142578125,0.37248510122299194,-1,-1,-1
592,34,4921.162109375,866.6771850585938,93.5390625,117.2296142578125,0.32984960079193115,-1,-1,-1
593,32,4255.490234375,806.4600830078125,50.03515625,85.13507080078125,0.36144497990608215,-1,-1,-1
593,34,4918.3740234375,865.12060546875,98.3876953125,120.05072021484375,0.33188727498054504,-1,-1,-1
594,32,4254.4345703125,806.42236328125,50.74267578125,85.15093994140625,0.357234388589859,-1,-1,-1
594,34,4919.2607421875,860.3111572265625,92.5234375,121.6051025390625,0.3276045620441437,-1,-1,-1
595,32,4254.14306640625,806.4442749023438,50.98828125,85.25335693359375,0.35595622658729553,-1,-1,-1
595,34,4919.16943359375,857.4705200195312,90.77294921875,122.3948974609375,0.33118516206741333,-1,-1,-1
596,32,4253.69287109375,807.1734008789062,51.1123046875,84.46319580078125,0.35841503739356995,-1,-1,-1
596,34,4920.51953125,856.1959228515625,88.4228515625,123.16851806640625,0.3567430078983307,-1,-1,-1
597,32,4253.25732421875,807.3960571289062,51.36328125,84.3902587890625,0.34565794467926025,-1,-1,-1
597,34,4924.8203125,855.3316650390625,83.15185546875,122.41986083984375,0.3279540240764618,-1,-1,-1
598,32,4252.4990234375,807.5872192382812,52.05224609375,84.5159912109375,0.34079304337501526,-1,-1,-1
598,34,4927.4140625,853.8486938476562,80.0576171875,122.902587890625,0.32502514123916626,-1,-1,-1
599,32,4251.6650390625,806.9723510742188,52.896484375,85.3033447265625,0.3456960916519165,-1,-1,-1
599,34,4929.15771484375,852.4275512695312,77.64990234375,123.60198974609375,0.32132643461227417,-1,-1,-1
600,32,4252.26025390625,807.0466918945312,52.27587890625,85.59326171875,0.37017205357551575,-1,-1,-1
600,34,4930.2744140625,851.156982421875,76.06689453125,124.06695556640625,0.3210690915584564,-1,-1,-1
601,32,4253.28857421875,807.19140625,51.421875,85.865966796875,0.3566974401473999,-1,-1,-1
601,34,4931.0107421875,849.9817504882812,75.55712890625,124.419189453125,0.3234441876411438,-1,-1,-1
602,32,4254.7392578125,806.4273681640625,50.3935546875,86.67926025390625,0.41009050607681274,-1,-1,-1
602,34,4932.0126953125,849.338623046875,74.41650390625,124.4752197265625,0.30925849080085754,-1,-1,-1
603,32,4255.443359375,805.8125,49.849609375,87.30218505859375,0.40437859296798706,-1,-1,-1
603,34,4933.42138671875,848.4507446289062,72.90625,124.17730712890625,0.2592211961746216,-1,-1,-1
604,32,4256.12841796875,805.68603515625,49.380859375,87.3406982421875,0.41974326968193054,-1,-1,-1
604,34,4934.341796875,848.2261352539062,72.41796875,123.6810302734375,0.26383328437805176,-1,-1,-1
605,32,4256.26318359375,806.0013427734375,49.48046875,86.98712158203125,0.42847245931625366,-1,-1,-1
605,34,4934.40673828125,847.8632202148438,73.11962890625,123.97998046875,0.28615716099739075,-1,-1,-1
606,32,4256.43994140625,805.8366088867188,49.552734375,87.09521484375,0.45446717739105225,-1,-1,-1
606,34,4934.34765625,847.1436157226562,73.572265625,124.70709228515625,0.2832384705543518,-1,-1,-1
607,32,4256.51318359375,806.167724609375,49.5869140625,86.3973388671875,0.4567241072654724,-1,-1,-1
607,34,4928.45556640625,848.0448608398438,85.0126953125,130.08795166015625,0.2140447199344635,-1,-1,-1
608,32,4256.54931640625,806.8775024414062,49.50146484375,85.32354736328125,0.4250415563583374,-1,-1,-1
608,34,4928.31494140625,846.2789916992188,82.5498046875,128.072021484375,0.19266587495803833,-1,-1,-1
609,32,4256.3564453125,807.1525268554688,49.5087890625,84.7598876953125,0.42247670888900757,-1,-1,-1
609,34,4928.220703125,845.2573852539062,81.21142578125,127.0758056640625,0.19719216227531433,-1,-1,-1
610,32,4256.09375,807.3884887695312,49.7353515625,84.56549072265625,0.44725650548934937,-1,-1,-1
610,34,4927.91357421875,844.6659545898438,80.73974609375,126.36480712890625,0.21731172502040863,-1,-1,-1
611,32,4255.71142578125,807.1688232421875,50.1396484375,84.72808837890625,0.47370409965515137,-1,-1,-1
611,34,4927.87548828125,843.4349975585938,80.3154296875,127.273193359375,0.22908397018909454,-1,-1,-1
612,32,4255.08203125,807.1454467773438,50.64111328125,84.65631103515625,0.45422622561454773,-1,-1,-1
612,34,4928.8359375,842.1510009765625,77.93017578125,127.99114990234375,0.22051455080509186,-1,-1,-1
613,32,4254.82763671875,807.2369384765625,50.841796875,84.32080078125,0.44220414757728577,-1,-1,-1
613,34,4929.22265625,843.0380249023438,76.9716796875,125.7672119140625,0.2042563110589981,-1,-1,-1
614,32,4254.5859375,806.62890625,51.0166015625,84.71826171875,0.45910221338272095,-1,-1,-1
614,34,4933.9033203125,844.7666015625,70.51171875,122.2099609375,0.21794751286506653,-1,-1,-1
615,32,4254.53466796875,806.028564453125,51.07763671875,85.25787353515625,0.4774942696094513,-1,-1,-1
615,34,4935.599609375,844.34375,68.5244140625,122.13922119140625,0.23340517282485962,-1,-1,-1
616,32,4253.9580078125,805.5643310546875,51.43603515625,85.14654541015625,0.46232300996780396,-1,-1,-1
616,34,4932.00146484375,840.60400390625,72.98193359375,124.7596435546875,0.23990997672080994,-1,-1,-1
617,32,4253.2529296875,805.5719604492188,51.91015625,83.5521240234375,0.44417163729667664,-1,-1,-1
617,34,4931.185546875,839.0094604492188,74.48974609375,128.10791015625,0.24613802134990692,-1,-1,-1
618,32,4252.998046875,806.2361450195312,52.0390625,81.0731201171875,0.41196441650390625,-1,-1,-1
618,34,4931.416015625,839.6832885742188,74.65234375,129.78240966796875,0.22640906274318695,-1,-1,-1
619,32,4252.5390625,807.0858154296875,52.345703125,79.556640625,0.37820306420326233,-1,-1,-1
619,34,4932.50390625,841.1862182617188,74.27490234375,128.336669921875,0.22855506837368011,-1,-1,-1
620,32,4251.95361328125,807.921875,52.75390625,78.2255859375,0.32659128308296204,-1,-1,-1
620,34,4933.171875,843.1445922851562,74.70263671875,125.8980712890625,0.2062997817993164,-1,-1,-1
621,32,4251.8076171875,808.2556762695312,52.7890625,77.8504638671875,0.3028484582901001,-1,-1,-1
621,34,4933.38818359375,849.9318237304688,79.4501953125,126.5308837890625,0.19415591657161713,-1,-1,-1
622,32,4251.52001953125,808.246337890625,52.763671875,77.9910888671875,0.28042182326316833,-1,-1,-1
622,34,4933.60205078125,852.1478271484375,81.1630859375,127.05230712890625,0.21607497334480286,-1,-1,-1
623,32,4250.62158203125,808.3773193359375,53.50341796875,77.96038818359375,0.2407100349664688,-1,-1,-1
623,34,4934.66845703125,847.7283935546875,77.447265625,125.64483642578125,0.22196133434772491,-1,-1,-1
624,32,4249.81689453125,808.7670288085938,54.20458984375,77.23016357421875,0.21430015563964844,-1,-1,-1
624,34,4937.63427734375,848.6585693359375,74.68017578125,121.82904052734375,0.17217808961868286,-1,-1,-1
625,32,4249.7998046875,809.815673828125,53.75244140625,77.54632568359375,0.24118579924106598,-1,-1,-1
625,34,4943.09912109375,849.173095703125,70.279296875,119.1810302734375,0.1816336214542389,-1,-1,-1
626,32,4249.97509765625,809.8606567382812,53.26611328125,78.89300537109375,0.3044993579387665,-1,-1,-1
626,34,4947.216796875,846.996826171875,67.494140625,118.396240234375,0.24958162009716034,-1,-1,-1
627,32,4250.04931640625,809.9200439453125,52.92626953125,79.57098388671875,0.2959158420562744,-1,-1,-1
627,34,4948.802734375,845.0721435546875,68.51318359375,118.75994873046875,0.2697383165359497,-1,-1,-1
628,32,4249.9619140625,810.150390625,52.49267578125,79.66387939453125,0.3012951910495758,-1,-1,-1
628,34,4948.94482421875,843.7847290039062,69.1044921875,117.66290283203125,0.27440541982650757,-1,-1,-1
629,32,4249.9423828125,809.484130859375,52.07568359375,80.08673095703125,0.29967769980430603,-1,-1,-1
629,34,4948.73974609375,843.644775390625,70.4873046875,120.1280517578125,0.2803746163845062,-1,-1,-1
630,32,4249.10400390625,809.1969604492188,52.125,79.78179931640625,0.2526674270629883,-1,-1,-1
630,34,4951.34521484375,843.0795288085938,70.2158203125,118.01727294921875,0.2940273582935333,-1,-1,-1
631,32,4248.35888671875,812.0521850585938,51.89404296875,77.6337890625,0.24759763479232788,-1,-1,-1
631,34,4954.7890625,840.4464111328125,68.69921875,113.79888916015625,0.32044562697410583,-1,-1,-1
632,32,4248.140625,812.5504760742188,51.849609375,77.60491943359375,0.24014286696910858,-1,-1,-1
632,34,4957.0576171875,839.4720458984375,69.771484375,112.866943359375,0.3312547504901886,-1,-1,-1
633,32,4247.74755859375,812.1913452148438,51.97265625,78.16009521484375,0.23540852963924408,-1,-1,-1
633,34,4957.90771484375,839.09228515625,70.54296875,111.64801025390625,0.3404308259487152,-1,-1,-1
634,32,4246.38525390625,812.8720703125,52.71875,77.47576904296875,0.21832725405693054,-1,-1,-1
634,34,4960.4912109375,838.189208984375,68.76220703125,105.373291015625,0.3419801592826843,-1,-1,-1
635,32,4244.69580078125,813.371337890625,53.94580078125,76.86834716796875,0.2093782275915146,-1,-1,-1
635,34,4961.740234375,837.8109741210938,68.00634765625,100.8875732421875,0.32076460123062134,-1,-1,-1
636,32,4243.34716796875,813.30126953125,55.17822265625,76.62884521484375,0.21569426357746124,-1,-1,-1
636,34,4962.5361328125,838.0157470703125,67.458984375,96.79742431640625,0.31004950404167175,-1,-1,-1
637,32,4241.28515625,813.8370361328125,57.90478515625,76.2938232421875,0.19945305585861206,-1,-1,-1
637,34,4962.9580078125,838.3823852539062,67.630859375,94.80523681640625,0.3032326400279999,-1,-1,-1
638,32,4239.787109375,815.5504150390625,59.751953125,75.20245361328125,0.15644192695617676,-1,-1,-1
638,34,4964.2763671875,837.0401611328125,67.19189453125,98.600830078125,0.3421757221221924,-1,-1,-1
639,32,4239.14208984375,814.01708984375,60.11865234375,76.8878173828125,0.1658945083618164,-1,-1,-1
639,34,4965.64892578125,835.6345825195312,66.4814453125,101.99127197265625,0.3707733750343323,-1,-1,-1
640,32,4239.501953125,813.0304565429688,59.6181640625,77.5496826171875,0.18914532661437988,-1,-1,-1
640,34,4967.82763671875,834.9283447265625,66.65673828125,104.39202880859375,0.3916846811771393,-1,-1,-1
641,32,4239.44384765625,811.88134765625,59.43896484375,78.24774169921875,0.1981172263622284,-1,-1,-1
641,34,4970.076171875,834.6991577148438,67.099609375,103.5250244140625,0.39308544993400574,-1,-1,-1
642,32,4239.15283203125,809.276611328125,59.93994140625,80.24713134765625,0.2277023196220398,-1,-1,-1
642,34,4972.384765625,834.5358276367188,65.35693359375,103.61395263671875,0.3884267508983612,-1,-1,-1
643,32,4240.64990234375,807.0311889648438,58.7783203125,82.8714599609375,0.24629874527454376,-1,-1,-1
643,34,4973.75634765625,834.4696655273438,63.97509765625,101.574462890625,0.3767557442188263,-1,-1,-1
644,32,4241.69580078125,806.2174682617188,55.8037109375,83.58648681640625,0.19129188358783722,-1,-1,-1
644,34,4974.57421875,835.0575561523438,64.2685546875,101.103759765625,0.3499029874801636,-1,-1,-1
645,32,4242.01953125,806.2735595703125,53.2294921875,83.910888671875,0.16344155371189117,-1,-1,-1
645,34,4975.9384765625,835.8067626953125,66.2041015625,109.37176513671875,0.3231600224971771,-1,-1,-1
646,32,4240.88818359375,807.742919921875,53.111328125,83.32666015625,0.1765371859073639,-1,-1,-1
646,34,4978.12255859375,834.2578735351562,67.6552734375,121.87200927734375,0.3273148238658905,-1,-1,-1
647,32,4239.73193359375,807.5797729492188,52.4873046875,83.67340087890625,0.1691780984401703,-1,-1,-1
647,34,4980.978515625,832.7298583984375,66.478515625,128.43035888671875,0.3156985342502594,-1,-1,-1
648,32,4239.46337890625,809.0086669921875,50.8251953125,81.62786865234375,0.1636366844177246,-1,-1,-1
648,34,4984.22607421875,833.6275024414062,66.58154296875,124.9869384765625,0.26640087366104126,-1,-1,-1
649,34,4985.748046875,837.4388427734375,66.6943359375,117.582763671875,0.23180675506591797,-1,-1,-1
650,34,4986.57470703125,840.0375366210938,68.27685546875,117.16497802734375,0.23102079331874847,-1,-1,-1
651,34,4986.923828125,839.0161743164062,68.77978515625,118.40728759765625,0.2449067234992981,-1,-1,-1
652,34,4987.25439453125,838.6203002929688,70.93896484375,122.78961181640625,0.27143266797065735,-1,-1,-1
653,34,4988.00439453125,839.3681640625,73.7421875,124.97503662109375,0.27553802728652954,-1,-1,-1
654,34,4988.5927734375,838.662841796875,75.29345703125,128.26702880859375,0.2795185148715973,-1,-1,-1
655,34,4988.8759765625,835.5335083007812,75.43212890625,133.8212890625,0.26503217220306396,-1,-1,-1
656,34,4989.21435546875,832.6089477539062,75.42822265625,138.98260498046875,0.27842360734939575,-1,-1,-1
657,34,4989.11572265625,831.2032470703125,76.11767578125,141.08758544921875,0.2864598333835602,-1,-1,-1
658,34,4989.29150390625,831.6573486328125,76.93408203125,142.375244140625,0.23161526024341583,-1,-1,-1
659,34,4989.7060546875,833.8069458007812,77.31982421875,141.01739501953125,0.15685750544071198,-1,-1,-1
660,34,4989.80419921875,831.650634765625,78.10791015625,143.51043701171875,0.1952294111251831,-1,-1,-1
661,34,4990.1884765625,829.5667724609375,78.150390625,143.43707275390625,0.2088836133480072,-1,-1,-1
662,34,4990.177734375,830.1837158203125,79.13232421875,139.36944580078125,0.19255366921424866,-1,-1,-1
663,34,4990.48388671875,830.3684692382812,80.796875,137.16290283203125,0.1610834300518036,-1,-1,-1
692,42,3025.76025390625,677.6468505859375,41.970703125,83.4310302734375,0.33299005031585693,-1,-1,-1
693,42,3023.8955078125,674.79541015625,42.8583984375,86.18255615234375,0.3211582899093628,-1,-1,-1
694,42,3022.85107421875,672.9376220703125,42.796630859375,87.48150634765625,0.2855660319328308,-1,-1,-1
707,47,5051.10302734375,819.8812866210938,64.8134765625,106.09246826171875,0.33630070090293884,-1,-1,-1
708,47,5052.92626953125,819.201171875,63.3681640625,106.00433349609375,0.3330460786819458,-1,-1,-1
709,47,5055.3916015625,818.6375122070312,61.11962890625,106.88397216796875,0.3435009717941284,-1,-1,-1
710,47,5056.966796875,818.0358276367188,59.802734375,107.65240478515625,0.3756139874458313,-1,-1,-1
711,47,5059.013671875,817.309326171875,58.36767578125,105.48486328125,0.373748779296875,-1,-1,-1
712,47,5060.9228515625,817.1517944335938,57.45703125,102.73126220703125,0.3632197380065918,-1,-1,-1
713,47,5061.46240234375,817.4924926757812,58.18212890625,97.07135009765625,0.3102536201477051,-1,-1,-1
714,47,5062.48779296875,817.8836669921875,58.353515625,97.22357177734375,0.2750329077243805,-1,-1,-1
715,47,5061.87451171875,818.4431762695312,60.345703125,96.75775146484375,0.20609435439109802,-1,-1,-1
716,47,5062.85546875,818.7999267578125,58.7998046875,98.54010009765625,0.25934261083602905,-1,-1,-1
717,47,5063.7041015625,819.65625,56.79248046875,99.21319580078125,0.31197643280029297,-1,-1,-1
718,47,5065.5439453125,819.0679931640625,55.5205078125,98.7135009765625,0.3536292612552643,-1,-1,-1
719,47,5066.8193359375,818.7717895507812,55.22607421875,99.47308349609375,0.37486380338668823,-1,-1,-1
720,47,5067.7578125,818.9679565429688,56.99853515625,97.931884765625,0.3687707483768463,-1,-1,-1
721,47,5069.10009765625,819.453857421875,58.46142578125,96.36669921875,0.34139350056648254,-1,-1,-1
722,47,5070.41357421875,819.358154296875,60.20166015625,95.60003662109375,0.3011552691459656,-1,-1,-1
723,47,5071.72119140625,819.7969360351562,61.75244140625,94.04376220703125,0.26574909687042236,-1,-1,-1
724,47,5072.7646484375,820.4644165039062,63.91748046875,90.84527587890625,0.24639250338077545,-1,-1,-1
725,47,5073.3876953125,820.866943359375,65.5400390625,89.4622802734375,0.24098171293735504,-1,-1,-1
726,47,5073.94189453125,820.0650634765625,68.72314453125,90.760009765625,0.24495956301689148,-1,-1,-1
727,47,5074.24609375,819.7303466796875,71.51953125,91.19769287109375,0.22178815305233002,-1,-1,-1
728,47,5074.654296875,819.1179809570312,73.4287109375,87.17755126953125,0.15009556710720062,-1,-1,-1
