1,1,2045.9873046875,674.2596435546875,65.34228515625,137.5194091796875,0.2502249479293823,-1,-1,-1
2,1,2044.7476806640625,657.2916259765625,65.7047119140625,154.74658203125,0.2809036672115326,-1,-1,-1
3,1,2044.6878662109375,666.970458984375,64.7657470703125,143.52099609375,0.21814079582691193,-1,-1,-1
4,1,2045.15283203125,667.047607421875,63.908935546875,138.23052978515625,0.22396929562091827,-1,-1,-1
5,1,2045.8935546875,683.541259765625,63.874755859375,118.20684814453125,0.1889670193195343,-1,-1,-1
6,1,2046.5111083984375,695.9461669921875,62.1522216796875,107.2354736328125,0.24177761375904083,-1,-1,-1
7,1,2046.6998291015625,713.5316772460938,61.6983642578125,90.0606689453125,0.21419788897037506,-1,-1,-1
8,1,2046.1302490234375,722.2091064453125,61.3194580078125,83.36273193359375,0.22187374532222748,-1,-1,-1
9,1,2046.0421142578125,729.0263671875,60.9622802734375,76.79541015625,0.26302626729011536,-1,-1,-1
10,1,2046.6158447265625,729.4644775390625,60.2005615234375,79.28314208984375,0.3024061322212219,-1,-1,-1
11,1,2047.4844970703125,730.23974609375,58.7579345703125,79.28082275390625,0.305410236120224,-1,-1,-1
12,1,2047.62353515625,729.3510131835938,57.3955078125,79.0350341796875,0.27899831533432007,-1,-1,-1
13,1,2046.681884765625,727.3526611328125,57.154052734375,82.0777587890625,0.3329433500766754,-1,-1,-1
14,1,2046.2347412109375,726.0286865234375,57.8414306640625,82.08203125,0.3260568082332611,-1,-1,-1
15,1,2046.1292724609375,726.8659057617188,58.0972900390625,80.64923095703125,0.2997587025165558,-1,-1,-1
16,1,2046.0718994140625,729.5346069335938,57.9420166015625,77.8260498046875,0.3122737407684326,-1,-1,-1
17,1,2046.4251708984375,731.1880493164062,57.3345947265625,75.57159423828125,0.3335908353328705,-1,-1,-1
18,1,2046.1201171875,732.3297729492188,56.850341796875,76.20843505859375,0.3489343225955963,-1,-1,-1
19,1,2046.166748046875,732.9542846679688,56.55908203125,76.0377197265625,0.32906830310821533,-1,-1,-1
20,1,2045.7718505859375,734.3994750976562,56.2999267578125,75.14849853515625,0.32741567492485046,-1,-1,-1
21,1,2045.17578125,734.868408203125,56.088623046875,74.84814453125,0.3056241571903229,-1,-1,-1
22,1,2044.3521728515625,734.24365234375,57.6912841796875,77.1241455078125,0.3076460063457489,-1,-1,-1
23,1,2044.037841796875,731.8802490234375,59.0078125,81.26123046875,0.32655200362205505,-1,-1,-1
24,1,2044.150390625,731.898681640625,59.527099609375,81.6634521484375,0.31659477949142456,-1,-1,-1
25,1,2044.737548828125,732.0394287109375,57.573486328125,81.09912109375,0.3435879051685333,-1,-1,-1
26,1,2043.350830078125,731.1363525390625,57.2666015625,83.0887451171875,0.3627272844314575,-1,-1,-1
27,1,2042.5467529296875,731.0225830078125,55.3687744140625,81.65606689453125,0.41818445920944214,-1,-1,-1
28,1,2040.0184326171875,731.6640014648438,55.9730224609375,81.19305419921875,0.42209041118621826,-1,-1,-1
29,1,2039.9241943359375,731.2496337890625,53.9923095703125,80.5006103515625,0.42836952209472656,-1,-1,-1
30,1,2039.8568115234375,730.0377197265625,55.8546142578125,87.8494873046875,0.45914125442504883,-1,-1,-1
31,1,2040.5491943359375,731.1446533203125,54.5238037109375,83.522705078125,0.45032086968421936,-1,-1,-1
32,1,2040.349365234375,733.9487915039062,53.14990234375,81.06646728515625,0.4429897964000702,-1,-1,-1
33,1,2040.4730224609375,735.3562622070312,52.8001708984375,79.1951904296875,0.40845808386802673,-1,-1,-1
34,1,2040.5179443359375,735.518310546875,54.8507080078125,79.45892333984375,0.38383838534355164,-1,-1,-1
35,1,2041.4324951171875,736.1867065429688,54.2674560546875,79.47479248046875,0.3921200633049011,-1,-1,-1
36,1,2041.443603515625,736.4591064453125,54.636962890625,82.7222900390625,0.41141581535339355,-1,-1,-1
37,1,2041.09619140625,736.8651123046875,54.236572265625,86.453857421875,0.4419938921928406,-1,-1,-1
38,1,2043.4608154296875,736.1400756835938,54.6741943359375,82.1142578125,0.4080878496170044,-1,-1,-1
39,1,2045.1051025390625,734.6453247070312,54.7891845703125,84.8038330078125,0.4201410710811615,-1,-1,-1
40,1,2046.03271484375,734.2307739257812,54.761962890625,83.9052734375,0.45501020550727844,-1,-1,-1
41,1,2045.518310546875,734.2156372070312,55.942626953125,86.068603515625,0.4790676236152649,-1,-1,-1
42,1,2045.2186279296875,733.9117431640625,57.3646240234375,88.79461669921875,0.4811675548553467,-1,-1,-1
43,1,2045.2039794921875,733.618896484375,58.3314208984375,89.76629638671875,0.469230592250824,-1,-1,-1
44,1,2045.1162109375,733.1551513671875,58.84814453125,88.94500732421875,0.45580387115478516,-1,-1,-1
45,1,2044.3253173828125,732.4520874023438,58.9237060546875,90.38580322265625,0.42923662066459656,-1,-1,-1
46,1,2043.9197998046875,732.2816162109375,58.3582763671875,91.031005859375,0.4095456898212433,-1,-1,-1
47,1,2044.3853759765625,732.49560546875,57.6766357421875,91.2554931640625,0.40630730986595154,-1,-1,-1
48,1,2045.5274658203125,733.4658813476562,57.6016845703125,91.47650146484375,0.37197569012641907,-1,-1,-1
49,1,2046.5078125,734.8114013671875,57.708251953125,91.44158935546875,0.27595120668411255,-1,-1,-1
50,1,2046.146728515625,734.4757080078125,58.900634765625,92.48748779296875,0.2214464545249939,-1,-1,-1
51,1,2046.07666015625,734.7600708007812,59.528564453125,93.8253173828125,0.22724026441574097,-1,-1,-1
52,1,2044.732177734375,734.0505981445312,60.6728515625,93.30010986328125,0.23457585275173187,-1,-1,-1
53,1,2043.655517578125,734.30224609375,62.1171875,93.2786865234375,0.22921468317508698,-1,-1,-1
54,1,2044.94091796875,733.41943359375,61.323974609375,93.2242431640625,0.2868107855319977,-1,-1,-1
55,1,2045.0303955078125,733.1298217773438,61.6632080078125,94.96148681640625,0.257850706577301,-1,-1,-1
56,1,2045.694091796875,732.6500854492188,61.201171875,96.0306396484375,0.2683354914188385,-1,-1,-1
57,1,2046.16943359375,732.0717163085938,60.47607421875,96.40191650390625,0.30901122093200684,-1,-1,-1
58,1,2047.146484375,731.2039794921875,59.746337890625,96.6414794921875,0.37864282727241516,-1,-1,-1
59,1,2046.3433837890625,731.6583251953125,60.4471435546875,95.44696044921875,0.34489941596984863,-1,-1,-1
60,1,2045.74072265625,730.7053833007812,60.940185546875,95.58184814453125,0.3555912375450134,-1,-1,-1
61,1,2045.7215576171875,729.5318603515625,61.9385986328125,96.63958740234375,0.36490434408187866,-1,-1,-1
62,1,2045.48486328125,730.37744140625,62.585693359375,96.80621337890625,0.3166787624359131,-1,-1,-1
63,1,2046.1768798828125,732.4617309570312,62.1187744140625,99.31744384765625,0.3514445126056671,-1,-1,-1
64,1,2047.3179931640625,733.1590576171875,61.1163330078125,100.3731689453125,0.3559853434562683,-1,-1,-1
65,1,2048.5546875,734.2509155273438,60.38037109375,101.35675048828125,0.35539931058883667,-1,-1,-1
66,1,2049.581298828125,735.7996215820312,59.224853515625,99.32733154296875,0.36493372917175293,-1,-1,-1
67,1,2050.85791015625,737.711669921875,57.92236328125,96.017578125,0.36235129833221436,-1,-1,-1
68,1,2051.699462890625,740.0350341796875,57.74072265625,93.6837158203125,0.3343239724636078,-1,-1,-1
69,1,2052.647216796875,743.0767822265625,58.35791015625,88.94683837890625,0.308763325214386,-1,-1,-1
70,1,2052.63818359375,743.1889038085938,58.5810546875,88.88018798828125,0.35456714034080505,-1,-1,-1
71,1,2053.663330078125,743.4713745117188,58.287841796875,88.383544921875,0.3383718729019165,-1,-1,-1
72,1,2056.368408203125,742.0820922851562,56.2607421875,90.57733154296875,0.34362950921058655,-1,-1,-1
73,1,2057.392822265625,741.7125244140625,55.728271484375,90.3868408203125,0.3135203421115875,-1,-1,-1
74,1,2057.522216796875,742.0733642578125,56.822509765625,90.2689208984375,0.28467342257499695,-1,-1,-1
75,1,2058.0556640625,742.8635864257812,56.646728515625,88.5301513671875,0.2628352642059326,-1,-1,-1
76,1,2059.56201171875,741.8417358398438,56.40966796875,86.52142333984375,0.2594330608844757,-1,-1,-1
77,1,2060.653564453125,741.1828002929688,55.627197265625,86.6639404296875,0.2511679530143738,-1,-1,-1
78,1,2060.654296875,740.0377197265625,55.30908203125,85.3946533203125,0.21978504955768585,-1,-1,-1
79,1,2060.5859375,738.5582885742188,55.84033203125,85.32147216796875,0.2104479819536209,-1,-1,-1
80,1,2060.49755859375,738.8754272460938,55.907958984375,83.85687255859375,0.22357718646526337,-1,-1,-1
81,1,2060.87646484375,740.170166015625,54.529296875,81.361572265625,0.2157285064458847,-1,-1,-1
82,1,2060.809326171875,741.7286376953125,53.799560546875,81.93896484375,0.2100069224834442,-1,-1,-1
83,1,2060.24755859375,743.1268920898438,52.76171875,80.6285400390625,0.21431511640548706,-1,-1,-1
84,1,2060.28076171875,746.1470947265625,51.443115234375,79.560791015625,0.22163307666778564,-1,-1,-1
85,1,2059.90966796875,750.0955810546875,51.90869140625,77.5994873046875,0.22469541430473328,-1,-1,-1
86,1,2059.894287109375,751.7709350585938,51.780029296875,80.8795166015625,0.2530827224254608,-1,-1,-1
87,1,2059.334716796875,752.4268188476562,51.974609375,80.71728515625,0.2519817054271698,-1,-1,-1
88,1,2058.5439453125,753.268310546875,52.15185546875,81.61529541015625,0.2536770701408386,-1,-1,-1
89,1,2057.4736328125,754.6434326171875,53.367431640625,83.04974365234375,0.25966301560401917,-1,-1,-1
90,1,2055.86376953125,754.10107421875,54.52587890625,82.38226318359375,0.2615024149417877,-1,-1,-1
91,1,2055.773193359375,753.9011840820312,54.17236328125,79.989501953125,0.24230386316776276,-1,-1,-1
92,1,2056.379638671875,754.1678466796875,54.3134765625,81.8624267578125,0.23360846936702728,-1,-1,-1
93,1,2056.468505859375,755.2450561523438,54.15234375,79.40972900390625,0.21106362342834473,-1,-1,-1
94,1,2056.37353515625,755.370361328125,53.428955078125,81.326904296875,0.22442221641540527,-1,-1,-1
95,1,2057.087158203125,755.1753540039062,52.791259765625,83.7410888671875,0.23143480718135834,-1,-1,-1
96,1,2059.078857421875,753.8426513671875,52.2626953125,86.48223876953125,0.29219523072242737,-1,-1,-1
97,1,2059.32666015625,753.2875366210938,53.497802734375,86.25762939453125,0.3339056372642517,-1,-1,-1
98,1,2058.939697265625,752.5889892578125,54.168212890625,85.26824951171875,0.3550267219543457,-1,-1,-1
99,1,2059.6240234375,752.8323364257812,52.906005859375,86.30621337890625,0.343393474817276,-1,-1,-1
100,1,2059.689697265625,753.9424438476562,52.457763671875,84.96295166015625,0.29526591300964355,-1,-1,-1
101,1,2061.1689453125,755.1375732421875,50.98779296875,84.5364990234375,0.2819809317588806,-1,-1,-1
102,1,2063.00390625,755.57421875,49.923095703125,85.6646728515625,0.24376556277275085,-1,-1,-1
103,1,2064.434814453125,756.31396484375,47.71826171875,87.07244873046875,0.20192748308181763,-1,-1,-1
184,6,2285.416259765625,744.3475952148438,47.619140625,97.3160400390625,0.3897043764591217,-1,-1,-1
185,6,2285.303466796875,743.4461059570312,48.001953125,96.6163330078125,0.3477061986923218,-1,-1,-1
