85,6,5379.86572265625,817.6470336914062,63.30126953125,76.21746826171875,0.4817695617675781,-1,-1,-1
86,6,5382.556640625,819.57275390625,67.04248046875,74.56707763671875,0.4089452922344208,-1,-1,-1
87,6,5384.56787109375,821.0494995117188,71.48095703125,73.07135009765625,0.39719468355178833,-1,-1,-1
88,6,5388.45263671875,818.983154296875,69.7734375,74.86956787109375,0.45631691813468933,-1,-1,-1
89,6,5391.853515625,817.5390014648438,69.35302734375,76.71905517578125,0.45689764618873596,-1,-1,-1
90,6,5392.98193359375,816.8175048828125,72.59033203125,77.8975830078125,0.45961058139801025,-1,-1,-1
91,6,5394.41259765625,813.728271484375,73.921875,81.382080078125,0.45811089873313904,-1,-1,-1
92,6,5394.24951171875,813.8985595703125,75.76171875,81.37030029296875,0.42905256152153015,-1,-1,-1
93,6,5392.95556640625,813.9428100585938,76.42724609375,81.2330322265625,0.44778671860694885,-1,-1,-1
94,6,5395.400390625,812.1799926757812,73.87060546875,82.87310791015625,0.40448036789894104,-1,-1,-1
95,6,5396.126953125,812.1149291992188,72.287109375,83.326416015625,0.43802309036254883,-1,-1,-1
96,6,5397.12255859375,811.9803466796875,70.97900390625,84.23419189453125,0.43739017844200134,-1,-1,-1
97,6,5397.83984375,811.1231079101562,70.33447265625,86.13201904296875,0.466871440410614,-1,-1,-1
98,6,5397.70849609375,810.3878173828125,69.3486328125,86.35302734375,0.4071083962917328,-1,-1,-1
99,6,5397.0439453125,808.8477172851562,68.15576171875,87.48388671875,0.3955859839916229,-1,-1,-1
100,6,5396.8515625,807.0072631835938,67.03662109375,88.87823486328125,0.39725661277770996,-1,-1,-1
101,6,5396.71435546875,807.4835815429688,66.56640625,88.78936767578125,0.44053876399993896,-1,-1,-1
102,6,5395.861328125,807.54150390625,65.767578125,88.71124267578125,0.40250223875045776,-1,-1,-1
103,6,5395.91064453125,809.9027709960938,65.34765625,86.07427978515625,0.3662393391132355,-1,-1,-1
104,6,5395.5859375,814.2852172851562,62.91796875,81.566650390625,0.3285210430622101,-1,-1,-1
105,6,5396.38525390625,814.7355346679688,60.1279296875,81.5970458984375,0.3166865110397339,-1,-1,-1
106,6,5397.7255859375,814.7073364257812,59.15576171875,82.0198974609375,0.3226702809333801,-1,-1,-1
107,6,5398.83837890625,815.249755859375,59.8271484375,82.2774658203125,0.3001643419265747,-1,-1,-1
108,6,5399.12744140625,815.974365234375,60.3251953125,81.7869873046875,0.2748916447162628,-1,-1,-1
109,6,5398.57568359375,817.5947875976562,60.12841796875,80.49072265625,0.29747113585472107,-1,-1,-1
110,6,5398.7421875,818.8319091796875,58.63671875,80.42919921875,0.3105502128601074,-1,-1,-1
111,6,5398.4912109375,819.5045776367188,56.5888671875,80.1947021484375,0.34723490476608276,-1,-1,-1
112,6,5397.69970703125,819.4205322265625,54.2568359375,79.96575927734375,0.3928843140602112,-1,-1,-1
113,6,5396.70947265625,821.44287109375,51.75634765625,77.12054443359375,0.4130595326423645,-1,-1,-1
114,6,5394.4375,824.2745971679688,51.4033203125,74.180419921875,0.392479807138443,-1,-1,-1
115,6,5390.787109375,826.0162353515625,52.72021484375,76.1212158203125,0.4383191466331482,-1,-1,-1
116,6,5387.37548828125,824.9972534179688,54.361328125,77.7911376953125,0.5180338025093079,-1,-1,-1
117,6,5384.34326171875,825.4744873046875,56.56298828125,78.1298828125,0.5359179377555847,-1,-1,-1
118,6,5381.56005859375,824.35205078125,58.77099609375,79.33966064453125,0.5160065293312073,-1,-1,-1
119,6,5378.86376953125,822.4949340820312,61.23486328125,80.2269287109375,0.5439803600311279,-1,-1,-1
120,6,5376.22119140625,821.5459594726562,63.791015625,82.20220947265625,0.547066330909729,-1,-1,-1
121,6,5373.005859375,820.341552734375,67.2451171875,85.767822265625,0.5245378017425537,-1,-1,-1
122,6,5369.40380859375,820.3118286132812,69.47265625,86.646728515625,0.41311344504356384,-1,-1,-1
123,6,5365.271484375,820.6914672851562,71.98291015625,86.08990478515625,0.3733355402946472,-1,-1,-1
124,6,5363.91650390625,820.222412109375,72.1416015625,85.10296630859375,0.3529846966266632,-1,-1,-1
125,6,5365.89892578125,819.7513427734375,67.91455078125,83.20001220703125,0.3482701778411865,-1,-1,-1
126,6,5365.517578125,820.2439575195312,65.97314453125,83.297119140625,0.3361031413078308,-1,-1,-1
127,6,5362.81787109375,821.4043579101562,66.5693359375,84.10223388671875,0.2861247956752777,-1,-1,-1
128,6,5358.42333984375,819.2639770507812,67.4580078125,86.55291748046875,0.3562909960746765,-1,-1,-1
129,6,5356.00390625,817.9430541992188,66.1865234375,86.14471435546875,0.37150347232818604,-1,-1,-1
130,6,5355.5400390625,818.0740966796875,62.9189453125,85.05419921875,0.3444727659225464,-1,-1,-1
131,6,5356.75537109375,817.1967163085938,60.27392578125,85.2196044921875,0.34308016300201416,-1,-1,-1
132,6,5354.67919921875,816.9810180664062,60.38525390625,85.1766357421875,0.27570050954818726,-1,-1,-1
133,6,5348.3115234375,816.2164306640625,65.05419921875,85.404052734375,0.19083137810230255,-1,-1,-1
134,6,5343.32080078125,817.1253051757812,68.9033203125,84.655517578125,0.17312979698181152,-1,-1,-1
151,8,5286.5615234375,821.3705444335938,62.06884765625,79.0206298828125,0.42157697677612305,-1,-1,-1
152,8,5282.99609375,822.0910034179688,63.7578125,80.80523681640625,0.31061407923698425,-1,-1,-1
153,8,5275.68505859375,823.6560668945312,68.71337890625,78.2568359375,0.25050240755081177,-1,-1,-1
154,8,5267.7685546875,819.3361206054688,71.20556640625,78.3251953125,0.20222435891628265,-1,-1,-1
177,9,5206.31396484375,799.0463256835938,70.56787109375,94.7685546875,0.34958505630493164,-1,-1,-1
178,9,5203.66015625,802.5347900390625,69.53271484375,90.3751220703125,0.2987103760242462,-1,-1,-1
179,9,5194.7587890625,800.7540893554688,69.03857421875,92.8076171875,0.38680195808410645,-1,-1,-1
180,9,5190.7724609375,801.110107421875,65.9189453125,93.32037353515625,0.39013493061065674,-1,-1,-1
181,9,5183.34423828125,804.5420532226562,66.60400390625,91.01922607421875,0.2267334759235382,-1,-1,-1
182,9,5178.73779296875,804.3011474609375,67.34375,91.05596923828125,0.17190329730510712,-1,-1,-1
205,11,5122.509765625,798.4983520507812,61.5830078125,93.246826171875,0.3885612189769745,-1,-1,-1
206,11,5118.61083984375,796.100830078125,60.01318359375,95.639404296875,0.40553736686706543,-1,-1,-1
207,11,5111.453125,798.2535400390625,63.9853515625,93.82806396484375,0.3638087809085846,-1,-1,-1
208,11,5106.52001953125,798.6043701171875,67.5302734375,91.84783935546875,0.3951113820075989,-1,-1,-1
209,11,5104.0546875,798.35205078125,65.55712890625,91.76995849609375,0.37217748165130615,-1,-1,-1
210,11,5101.51513671875,799.220703125,63.537109375,86.94921875,0.23145988583564758,-1,-1,-1
211,11,5098.99609375,800.0728149414062,63.88330078125,87.7750244140625,0.26778164505958557,-1,-1,-1
212,11,5098.24365234375,800.1320190429688,63.73291015625,90.8458251953125,0.1720312386751175,-1,-1,-1
213,11,5096.98974609375,800.484619140625,64.61328125,91.43328857421875,0.15841294825077057,-1,-1,-1
214,11,5096.0263671875,799.9342651367188,65.80859375,91.26007080078125,0.16292282938957214,-1,-1,-1
442,60,5205.49853515625,808.044677734375,63.2578125,95.53460693359375,0.36681637167930603,-1,-1,-1
443,60,5206.61279296875,806.4732055664062,63.01513671875,98.1436767578125,0.32176482677459717,-1,-1,-1
444,60,5207.59912109375,806.5681762695312,63.693359375,96.27392578125,0.23147644102573395,-1,-1,-1
445,60,5208.14697265625,806.1993408203125,63.2919921875,93.473876953125,0.21776708960533142,-1,-1,-1
446,60,5208.78466796875,806.3574829101562,62.52197265625,90.7752685546875,0.23870931565761566,-1,-1,-1
447,60,5206.892578125,807.4154052734375,63.87744140625,89.94158935546875,0.25607800483703613,-1,-1,-1
448,60,5205.248046875,808.0216674804688,64.591796875,89.44610595703125,0.3117048144340515,-1,-1,-1
449,60,5203.62060546875,808.98388671875,65.5439453125,87.84698486328125,0.31391987204551697,-1,-1,-1
450,60,5202.17431640625,810.88330078125,66.4150390625,86.8560791015625,0.30584219098091125,-1,-1,-1
451,60,5202.4755859375,812.5613403320312,65.39208984375,88.15771484375,0.372227281332016,-1,-1,-1
452,60,5202.6923828125,813.9906616210938,64.87255859375,92.04180908203125,0.3644005060195923,-1,-1,-1
453,60,5201.40087890625,813.93017578125,64.0185546875,95.23529052734375,0.35834255814552307,-1,-1,-1
454,60,5197.8388671875,815.9319458007812,63.85888671875,92.6165771484375,0.2611300051212311,-1,-1,-1
455,60,5192.642578125,817.7308959960938,64.81396484375,90.76776123046875,0.18254099786281586,-1,-1,-1
456,60,5188.484375,816.4616088867188,67.373046875,92.96490478515625,0.16810242831707,-1,-1,-1
457,60,5185.87255859375,816.208251953125,67.7392578125,93.9635009765625,0.1529058963060379,-1,-1,-1
596,98,4575.74853515625,805.0804443359375,52.7822265625,82.25433349609375,0.3705100119113922,-1,-1,-1
597,98,4570.6484375,808.5099487304688,55.86083984375,78.0125732421875,0.2565259039402008,-1,-1,-1
598,98,4565.35595703125,810.5127563476562,56.5126953125,75.54803466796875,0.24069428443908691,-1,-1,-1
599,98,4561.74560546875,815.4376831054688,54.65673828125,73.89520263671875,0.1927078515291214,-1,-1,-1
600,98,4557.814453125,814.9657592773438,51.6748046875,77.9041748046875,0.1847507357597351,-1,-1,-1
601,98,4557.80078125,812.9886474609375,49.130859375,82.2003173828125,0.23017378151416779,-1,-1,-1
677,107,2374.498779296875,795.973388671875,64.4873046875,100.98663330078125,0.4448593258857727,-1,-1,-1
678,107,2373.558349609375,797.889404296875,64.451171875,102.345458984375,0.4486957788467407,-1,-1,-1
679,107,2371.823486328125,799.9157104492188,63.342041015625,112.70916748046875,0.4680485725402832,-1,-1,-1
680,107,2371.13134765625,800.2291870117188,61.8955078125,115.63653564453125,0.4944934844970703,-1,-1,-1
681,107,2370.6767578125,798.2733154296875,59.7060546875,111.47662353515625,0.47397947311401367,-1,-1,-1
682,107,2367.051025390625,797.2726440429688,59.025146484375,110.48321533203125,0.5065370202064514,-1,-1,-1
683,107,2364.4169921875,796.7025146484375,58.704833984375,108.19427490234375,0.46034014225006104,-1,-1,-1
684,107,2361.9580078125,796.2903442382812,55.88134765625,105.748779296875,0.42735815048217773,-1,-1,-1
685,107,2362.383544921875,794.1721801757812,53.382568359375,104.27081298828125,0.38308924436569214,-1,-1,-1
686,107,2359.60400390625,791.6627807617188,51.5556640625,104.392333984375,0.2751692235469818,-1,-1,-1
687,107,2359.7490234375,790.9129638671875,49.849853515625,103.477294921875,0.3426283299922943,-1,-1,-1
688,107,2361.27880859375,790.668701171875,50.04150390625,102.8033447265625,0.30240169167518616,-1,-1,-1
689,107,2361.975830078125,791.8216552734375,48.467529296875,101.54962158203125,0.3585105240345001,-1,-1,-1
690,107,2359.802490234375,794.3150634765625,49.412353515625,97.60491943359375,0.35884004831314087,-1,-1,-1
691,107,2359.47314453125,792.7593994140625,48.687255859375,99.8572998046875,0.2984541654586792,-1,-1,-1
692,107,2360.55224609375,788.9114990234375,48.846923828125,102.2008056640625,0.23378852009773254,-1,-1,-1
693,107,2360.79150390625,787.6538696289062,48.276611328125,98.10235595703125,0.2203681915998459,-1,-1,-1
694,107,2358.035400390625,787.0820922851562,50.519287109375,93.95855712890625,0.2707490921020508,-1,-1,-1
695,107,2358.546142578125,786.28955078125,51.588134765625,94.49578857421875,0.2459152191877365,-1,-1,-1
696,107,2359.2900390625,784.7324829101562,52.183837890625,100.6951904296875,0.20764440298080444,-1,-1,-1
697,107,2358.579833984375,785.3417358398438,52.83740234375,99.484619140625,0.24115215241909027,-1,-1,-1
698,107,2357.497314453125,786.645263671875,53.988037109375,98.1026611328125,0.2536271810531616,-1,-1,-1
699,107,2358.540771484375,786.9663696289062,53.837646484375,97.84716796875,0.267463743686676,-1,-1,-1
700,107,2362.816162109375,788.294189453125,51.1103515625,94.9876708984375,0.2843819260597229,-1,-1,-1
701,107,2366.772216796875,788.0775146484375,50.920654296875,92.6361083984375,0.28886470198631287,-1,-1,-1
702,107,2366.46728515625,785.7109375,52.130859375,97.22393798828125,0.30211782455444336,-1,-1,-1
703,107,2368.506591796875,783.6658325195312,50.31689453125,94.04901123046875,0.2826152443885803,-1,-1,-1
704,107,2370.67431640625,784.9595947265625,54.3662109375,88.92669677734375,0.28308770060539246,-1,-1,-1
705,107,2372.252197265625,776.8644409179688,59.68798828125,94.7935791015625,0.1885334849357605,-1,-1,-1
706,107,2371.43359375,771.150146484375,59.78125,100.734375,0.22372563183307648,-1,-1,-1
707,107,2377.90576171875,767.2673950195312,56.886474609375,103.26739501953125,0.15870968997478485,-1,-1,-1
