137,63,5782.3544921875,800.6585083007812,61.09814453125,95.545166015625,0.31321561336517334,-1,-1,-1
138,63,5782.86279296875,800.2532958984375,60.54541015625,95.75927734375,0.3155527412891388,-1,-1,-1
139,63,5782.8779296875,801.0897216796875,60.23095703125,94.939697265625,0.29009222984313965,-1,-1,-1
140,63,5782.7119140625,801.7642822265625,60.77197265625,94.1910400390625,0.2982812523841858,-1,-1,-1
141,63,5782.84521484375,801.9925537109375,60.68701171875,93.92181396484375,0.2986730933189392,-1,-1,-1
142,63,5782.88916015625,802.3134765625,61.03955078125,93.40960693359375,0.3131568729877472,-1,-1,-1
143,63,5782.8525390625,803.0657348632812,61.43359375,92.538330078125,0.30991968512535095,-1,-1,-1
144,63,5782.75048828125,803.461669921875,62.0322265625,92.0767822265625,0.3108058273792267,-1,-1,-1
145,63,5782.5126953125,803.8223266601562,63.52880859375,91.659423828125,0.3320671319961548,-1,-1,-1
146,63,5782.48583984375,805.0181884765625,64.22900390625,90.48486328125,0.3231254816055298,-1,-1,-1
147,63,5782.4248046875,805.39599609375,64.90185546875,90.071044921875,0.3301982581615448,-1,-1,-1
148,63,5782.02001953125,806.234130859375,65.77392578125,89.23291015625,0.3178656995296478,-1,-1,-1
149,63,5781.73291015625,806.5912475585938,66.119140625,88.87359619140625,0.35527294874191284,-1,-1,-1
150,63,5781.75,807.1838989257812,66.1142578125,88.26483154296875,0.36734554171562195,-1,-1,-1
151,63,5781.89794921875,807.2505493164062,66.11865234375,88.35467529296875,0.3740469217300415,-1,-1,-1
152,63,5782.04248046875,807.4592895507812,65.923828125,88.19464111328125,0.3907760679721832,-1,-1,-1
153,63,5782.33837890625,807.6795043945312,65.4287109375,88.00146484375,0.3948196470737457,-1,-1,-1
154,63,5782.431640625,807.1199340820312,65.6171875,88.6341552734375,0.41952282190322876,-1,-1,-1
155,63,5782.5625,806.838134765625,65.95654296875,88.8543701171875,0.4260627031326294,-1,-1,-1
156,63,5782.49560546875,806.4014282226562,66.27734375,89.29071044921875,0.43410471081733704,-1,-1,-1
157,63,5782.6982421875,806.2485961914062,66.36376953125,89.4716796875,0.4435933828353882,-1,-1,-1
158,63,5782.62353515625,804.9844970703125,66.814453125,90.93389892578125,0.4787311553955078,-1,-1,-1
159,63,5782.59326171875,804.1976928710938,67.1240234375,92.14288330078125,0.487552285194397,-1,-1,-1
160,63,5782.083984375,803.9569091796875,68.41455078125,92.7420654296875,0.4643476903438568,-1,-1,-1
161,63,5781.52978515625,804.0994262695312,69.3310546875,92.98101806640625,0.4547737240791321,-1,-1,-1
162,63,5781.48876953125,803.778076171875,69.75732421875,93.01373291015625,0.4566156268119812,-1,-1,-1
163,63,5781.5615234375,803.557373046875,70.06640625,92.7288818359375,0.4611499011516571,-1,-1,-1
164,63,5781.38037109375,803.9052734375,70.4111328125,92.06768798828125,0.4597369134426117,-1,-1,-1
165,63,5781.83203125,804.0169067382812,70.09033203125,91.44970703125,0.45703092217445374,-1,-1,-1
166,63,5782.0537109375,803.7041625976562,70.109375,91.47943115234375,0.4537421464920044,-1,-1,-1
167,63,5782.240234375,803.6688232421875,70.19091796875,91.24420166015625,0.4503869414329529,-1,-1,-1
168,63,5782.5703125,803.650146484375,70.8896484375,90.93572998046875,0.4426420032978058,-1,-1,-1
169,63,5782.97021484375,803.43115234375,70.59375,90.92523193359375,0.444467157125473,-1,-1,-1
170,63,5783.02392578125,803.7459716796875,70.9140625,90.61572265625,0.432306706905365,-1,-1,-1
171,63,5783.31201171875,803.8280029296875,71.17919921875,90.42633056640625,0.4219764471054077,-1,-1,-1
172,63,5783.9482421875,803.8276977539062,71.37744140625,90.33111572265625,0.40551507472991943,-1,-1,-1
173,63,5784.49267578125,803.642822265625,71.63720703125,90.464111328125,0.38681069016456604,-1,-1,-1
174,63,5784.5146484375,804.076171875,72.125,90.04345703125,0.3780413269996643,-1,-1,-1
175,63,5784.09619140625,804.4112548828125,73.25927734375,89.1068115234375,0.3358054459095001,-1,-1,-1
176,63,5784.2412109375,804.305908203125,73.5625,89.10260009765625,0.33033305406570435,-1,-1,-1
177,63,5786.01123046875,803.84912109375,72.18505859375,89.724853515625,0.3223086893558502,-1,-1,-1
178,63,5787.4638671875,803.3479614257812,72.15625,90.21295166015625,0.32071733474731445,-1,-1,-1
179,63,5788.2021484375,803.0215454101562,71.1796875,90.6868896484375,0.31967777013778687,-1,-1,-1
180,63,5788.83154296875,802.3575439453125,70.087890625,91.5150146484375,0.3138793706893921,-1,-1,-1
181,63,5789.734375,801.8103637695312,69.01025390625,92.46246337890625,0.30648210644721985,-1,-1,-1
182,63,5790.296875,801.6460571289062,68.2333984375,92.80426025390625,0.3023969233036041,-1,-1,-1
183,63,5790.55322265625,802.1410522460938,67.28662109375,92.49609375,0.29480838775634766,-1,-1,-1
184,63,5790.3310546875,802.1465454101562,66.24267578125,92.50006103515625,0.32884129881858826,-1,-1,-1
185,63,5789.01708984375,801.41162109375,66.5283203125,93.28460693359375,0.3652753233909607,-1,-1,-1
186,63,5787.39794921875,800.2704467773438,66.98779296875,94.309814453125,0.39389321208000183,-1,-1,-1
187,63,5786.349609375,799.078857421875,67.52880859375,95.53570556640625,0.4139244258403778,-1,-1,-1
188,63,5785.3330078125,798.3130493164062,68.24755859375,96.361328125,0.3981451094150543,-1,-1,-1
189,63,5784.07666015625,797.8898315429688,69.4404296875,96.931640625,0.39143046736717224,-1,-1,-1
190,63,5782.75390625,797.7940063476562,70.41796875,97.03961181640625,0.37121161818504333,-1,-1,-1
191,63,5781.68798828125,797.941650390625,70.87890625,97.0938720703125,0.3517460525035858,-1,-1,-1
192,63,5780.25634765625,797.9291381835938,72.08056640625,97.014892578125,0.30669647455215454,-1,-1,-1
193,63,5779.69384765625,797.1296997070312,72.68896484375,97.68310546875,0.3071306049823761,-1,-1,-1
194,63,5779.12646484375,796.6961669921875,73.35498046875,97.995361328125,0.2730054259300232,-1,-1,-1
195,63,5779.072265625,796.2680053710938,73.595703125,98.37579345703125,0.26153311133384705,-1,-1,-1
196,63,5779.240234375,795.9750366210938,73.2958984375,98.9554443359375,0.27283307909965515,-1,-1,-1
197,63,5779.927734375,795.9051513671875,72.369140625,98.708984375,0.30324164032936096,-1,-1,-1
198,63,5779.74609375,796.3431396484375,72.5693359375,97.885009765625,0.2902282774448395,-1,-1,-1
199,63,5779.37890625,796.5750122070312,72.68701171875,97.765380859375,0.3076751232147217,-1,-1,-1
200,63,5778.91650390625,797.8203735351562,73.00439453125,96.21441650390625,0.2785351276397705,-1,-1,-1
201,63,5778.8515625,798.5684814453125,72.939453125,95.37261962890625,0.2760501503944397,-1,-1,-1
202,63,5778.90869140625,799.0770874023438,72.71826171875,94.22955322265625,0.27508243918418884,-1,-1,-1
203,63,5779.29638671875,799.1277465820312,72.30615234375,93.4962158203125,0.29650261998176575,-1,-1,-1
204,63,5780.0029296875,799.149658203125,71.57568359375,93.001220703125,0.30528268218040466,-1,-1,-1
205,63,5780.6455078125,799.2529296875,71.14404296875,92.82275390625,0.30789437890052795,-1,-1,-1
206,63,5781.0517578125,799.0074462890625,70.84814453125,92.816162109375,0.3185913562774658,-1,-1,-1
207,63,5781.7080078125,798.7122802734375,70.5673828125,93.034912109375,0.2970937490463257,-1,-1,-1
208,63,5782.533203125,798.4597778320312,70.142578125,92.88140869140625,0.3016549348831177,-1,-1,-1
209,63,5783.4375,798.2974853515625,69.85888671875,92.592041015625,0.2998616099357605,-1,-1,-1
210,63,5784.40234375,797.8076782226562,69.67333984375,92.8612060546875,0.3118150234222412,-1,-1,-1
211,63,5786.75927734375,795.986328125,68.7255859375,94.59014892578125,0.35656559467315674,-1,-1,-1
212,63,5789.08056640625,795.0426635742188,68.259765625,95.56451416015625,0.36212387681007385,-1,-1,-1
213,63,5791.54443359375,794.2269287109375,67.76123046875,96.24871826171875,0.3750549554824829,-1,-1,-1
214,63,5793.56396484375,793.93603515625,67.0263671875,96.02264404296875,0.38108712434768677,-1,-1,-1
215,63,5794.47607421875,794.2363891601562,68.33642578125,96.42401123046875,0.3536358177661896,-1,-1,-1
216,63,5795.20263671875,795.040771484375,69.25146484375,96.0494384765625,0.3417888283729553,-1,-1,-1
217,63,5795.7802734375,795.5228881835938,70.1337890625,94.8026123046875,0.3667166531085968,-1,-1,-1
218,63,5795.669921875,796.1636962890625,71.61767578125,94.3634033203125,0.3562208116054535,-1,-1,-1
219,63,5795.8173828125,797.0659790039062,73.60791015625,93.65655517578125,0.3239726126194,-1,-1,-1
220,63,5796.1015625,797.9849243164062,75.64306640625,92.90118408203125,0.3106352984905243,-1,-1,-1
221,63,5796.7978515625,798.5089721679688,76.5625,92.35565185546875,0.30939751863479614,-1,-1,-1
222,63,5797.12548828125,798.7933959960938,77.5859375,92.18951416015625,0.3002985119819641,-1,-1,-1
223,63,5797.68896484375,799.1044311523438,78.1943359375,91.95587158203125,0.29306498169898987,-1,-1,-1
224,63,5797.9912109375,799.3019409179688,78.404296875,90.80841064453125,0.2896938621997833,-1,-1,-1
225,63,5798.2275390625,799.556640625,79.12255859375,89.98187255859375,0.22976930439472198,-1,-1,-1
226,63,5798.64892578125,799.9552612304688,78.67236328125,89.075927734375,0.2246253788471222,-1,-1,-1
227,63,5799.37353515625,800.017578125,77.736328125,90.2491455078125,0.25236958265304565,-1,-1,-1
228,63,5800.3017578125,800.0556030273438,76.5517578125,91.83233642578125,0.29544058442115784,-1,-1,-1
229,63,5800.5595703125,799.78515625,75.9853515625,92.6392822265625,0.29695838689804077,-1,-1,-1
230,63,5800.4990234375,799.4700317382812,76.46533203125,92.950439453125,0.28915172815322876,-1,-1,-1
231,63,5800.40673828125,799.1478271484375,77.359375,93.12359619140625,0.27940458059310913,-1,-1,-1
232,63,5800.33837890625,798.5523071289062,77.6806640625,93.1453857421875,0.2999269366264343,-1,-1,-1
233,63,5800.59423828125,798.2058715820312,77.7685546875,92.67352294921875,0.29764920473098755,-1,-1,-1
234,63,5800.75390625,797.8793334960938,77.62890625,92.37213134765625,0.30369704961776733,-1,-1,-1
235,63,5800.62744140625,797.6587524414062,78.203125,92.19970703125,0.2944772243499756,-1,-1,-1
236,63,5800.39013671875,797.6205444335938,78.8740234375,91.9678955078125,0.282736212015152,-1,-1,-1
237,63,5800.22021484375,797.855224609375,79.37548828125,90.99322509765625,0.26693421602249146,-1,-1,-1
238,63,5799.98974609375,797.7317504882812,80.02490234375,91.3338623046875,0.2596592903137207,-1,-1,-1
239,63,5799.62548828125,797.9470825195312,80.72998046875,91.30938720703125,0.24145309627056122,-1,-1,-1
240,63,5799.76416015625,797.9943237304688,80.73095703125,91.44580078125,0.2450481504201889,-1,-1,-1
241,63,5799.66748046875,797.965087890625,80.96142578125,91.842529296875,0.23704630136489868,-1,-1,-1
242,63,5799.646484375,798.832763671875,80.9619140625,91.4111328125,0.21533797681331635,-1,-1,-1
243,63,5799.90673828125,799.318603515625,81.13671875,91.07672119140625,0.19505077600479126,-1,-1,-1
244,63,5799.962890625,800.1311645507812,82.4423828125,90.67474365234375,0.16967591643333435,-1,-1,-1
289,64,5801.42333984375,797.3709716796875,62.89794921875,94.51544189453125,0.3289298713207245,-1,-1,-1
290,64,5800.87939453125,796.5142822265625,62.46630859375,95.73028564453125,0.3638695478439331,-1,-1,-1
291,64,5799.0048828125,796.2982177734375,62.8916015625,95.045654296875,0.3812864422798157,-1,-1,-1
292,64,5795.19091796875,796.7340087890625,65.052734375,93.4569091796875,0.42282024025917053,-1,-1,-1
293,64,5794.0537109375,796.9889526367188,64.53955078125,93.10345458984375,0.4465238153934479,-1,-1,-1
294,64,5794.14697265625,796.48681640625,62.5,94.16510009765625,0.47677910327911377,-1,-1,-1
295,64,5793.953125,796.7411499023438,61.09814453125,94.18487548828125,0.48221930861473083,-1,-1,-1
296,64,5793.37109375,797.1904296875,60.30224609375,92.72552490234375,0.47169923782348633,-1,-1,-1
297,64,5792.70263671875,797.7003784179688,60.10595703125,91.53289794921875,0.48538094758987427,-1,-1,-1
298,64,5792.8349609375,798.492919921875,59.54833984375,90.355224609375,0.4760890007019043,-1,-1,-1
299,64,5793.67333984375,799.129150390625,58.79541015625,89.54119873046875,0.45760443806648254,-1,-1,-1
300,64,5793.69287109375,799.8587036132812,58.517578125,88.82855224609375,0.435597687959671,-1,-1,-1
301,64,5793.60009765625,799.9749755859375,58.9365234375,88.68389892578125,0.40522968769073486,-1,-1,-1
302,64,5793.626953125,799.0879516601562,58.328125,88.63250732421875,0.3826307952404022,-1,-1,-1
303,64,5794.00244140625,798.984619140625,57.78759765625,88.0260009765625,0.3364001214504242,-1,-1,-1
304,64,5793.61767578125,799.1324462890625,57.427734375,87.36993408203125,0.3410632014274597,-1,-1,-1
305,64,5793.5537109375,799.5050048828125,57.62451171875,87.98480224609375,0.3409048020839691,-1,-1,-1
306,64,5793.02490234375,799.523681640625,58.08203125,89.4324951171875,0.3421032428741455,-1,-1,-1
307,64,5792.8427734375,800.1544189453125,58.64404296875,88.68475341796875,0.33099955320358276,-1,-1,-1
308,64,5791.3134765625,799.7297973632812,60.14453125,88.3486328125,0.31999215483665466,-1,-1,-1
309,64,5789.5078125,799.468994140625,61.72802734375,87.45428466796875,0.31070131063461304,-1,-1,-1
310,64,5788.3310546875,799.2010498046875,62.8388671875,87.3045654296875,0.32043930888175964,-1,-1,-1
311,64,5787.41650390625,798.8823852539062,63.89306640625,87.57037353515625,0.3200286626815796,-1,-1,-1
312,64,5786.4189453125,798.0916137695312,65.06005859375,88.66986083984375,0.3408273458480835,-1,-1,-1
313,64,5785.609375,797.4560546875,66.12158203125,89.5721435546875,0.3412862718105316,-1,-1,-1
314,64,5785.16357421875,796.1845703125,66.7666015625,91.031982421875,0.35822489857673645,-1,-1,-1
315,64,5785.39404296875,795.4957275390625,66.79052734375,91.81158447265625,0.3527768850326538,-1,-1,-1
316,64,5785.314453125,794.7029418945312,67.7333984375,93.413818359375,0.3737480640411377,-1,-1,-1
317,64,5789.23681640625,794.8453979492188,64.0615234375,94.09478759765625,0.3819243013858795,-1,-1,-1
318,64,5790.33251953125,794.5947875976562,63.17138671875,95.0223388671875,0.39517152309417725,-1,-1,-1
319,64,5789.81298828125,793.6298217773438,63.81884765625,96.1832275390625,0.441084086894989,-1,-1,-1
320,64,5789.73095703125,792.766845703125,64.8359375,98.01446533203125,0.4401784837245941,-1,-1,-1
321,64,5791.31103515625,792.861328125,64.708984375,98.58905029296875,0.4432114362716675,-1,-1,-1
322,64,5794.0595703125,794.5277099609375,63.33154296875,97.46051025390625,0.4381672143936157,-1,-1,-1
323,64,5796.27099609375,794.385986328125,62.4326171875,97.54705810546875,0.47237130999565125,-1,-1,-1
324,64,5796.93994140625,793.937255859375,63.50146484375,98.4139404296875,0.4637545645236969,-1,-1,-1
325,64,5797.39697265625,792.88671875,65.2734375,100.08294677734375,0.4303168058395386,-1,-1,-1
326,64,5798.68115234375,794.1532592773438,66.60595703125,99.2330322265625,0.38512662053108215,-1,-1,-1
327,64,5799.72216796875,794.9490356445312,66.31201171875,98.88702392578125,0.39135366678237915,-1,-1,-1
328,64,5801.3056640625,795.5494995117188,66.24560546875,98.38970947265625,0.4062310457229614,-1,-1,-1
329,64,5802.3623046875,796.218505859375,66.7490234375,98.01507568359375,0.3820834159851074,-1,-1,-1
330,64,5803.1474609375,796.6279296875,68.12255859375,98.14739990234375,0.34761154651641846,-1,-1,-1
331,64,5803.7158203125,798.7515258789062,69.18115234375,96.47344970703125,0.2842487394809723,-1,-1,-1
332,64,5804.05712890625,801.276611328125,71.31591796875,94.16943359375,0.2527637481689453,-1,-1,-1
333,64,5804.22265625,803.5332641601562,72.73095703125,92.4317626953125,0.23406417667865753,-1,-1,-1
334,64,5804.41259765625,804.1890258789062,73.37890625,92.0635986328125,0.21458539366722107,-1,-1,-1
335,64,5803.951171875,804.6322021484375,75.79833984375,92.33721923828125,0.19404733180999756,-1,-1,-1
336,64,5802.978515625,804.80126953125,80.0703125,92.9649658203125,0.1677682101726532,-1,-1,-1
337,64,5802.70068359375,805.2694702148438,81.66552734375,93.10638427734375,0.15076029300689697,-1,-1,-1
585,79,5701.38623046875,805.4464111328125,71.01513671875,90.0941162109375,0.41107654571533203,-1,-1,-1
586,79,5700.5263671875,805.5181274414062,69.85302734375,90.74786376953125,0.407547265291214,-1,-1,-1
587,79,5699.7314453125,806.37646484375,69.4521484375,91.708740234375,0.36975792050361633,-1,-1,-1
588,79,5699.22265625,806.4222412109375,68.86181640625,91.2679443359375,0.30207353830337524,-1,-1,-1
589,79,5700.04931640625,806.4066772460938,66.103515625,87.61065673828125,0.30273401737213135,-1,-1,-1
590,79,5698.28271484375,807.3007202148438,65.638671875,84.98846435546875,0.2918468713760376,-1,-1,-1
591,79,5695.94921875,808.4298706054688,66.20263671875,84.4796142578125,0.2790243327617645,-1,-1,-1
592,79,5693.36669921875,809.6098022460938,65.29443359375,82.6749267578125,0.27401411533355713,-1,-1,-1
593,79,5688.107421875,811.0247802734375,65.85546875,81.02313232421875,0.28888168931007385,-1,-1,-1
594,79,5683.11572265625,810.913818359375,68.22021484375,80.9605712890625,0.2377806454896927,-1,-1,-1
595,79,5678.060546875,810.7691040039062,70.60107421875,81.30902099609375,0.19988267123699188,-1,-1,-1
596,79,5675.59375,810.41064453125,70.4345703125,82.159423828125,0.20870926976203918,-1,-1,-1
597,79,5673.87548828125,811.0061645507812,71.34228515625,83.15826416015625,0.20352166891098022,-1,-1,-1
598,79,5669.03466796875,810.7117919921875,74.43017578125,84.61199951171875,0.1835891604423523,-1,-1,-1
599,79,5665.4326171875,811.0313720703125,75.78173828125,83.81842041015625,0.16691702604293823,-1,-1,-1
600,79,5662.52197265625,811.5313720703125,77.45361328125,83.07269287109375,0.17955495417118073,-1,-1,-1
611,79,5640.30908203125,815.0258178710938,72.72998046875,80.5684814453125,0.27090778946876526,-1,-1,-1
612,79,5639.36083984375,816.4526977539062,72.3447265625,78.35076904296875,0.23371851444244385,-1,-1,-1
613,79,5637.63525390625,818.8604125976562,72.0,75.71136474609375,0.28362005949020386,-1,-1,-1
614,79,5635.57373046875,815.5097045898438,69.61962890625,79.1168212890625,0.4266713559627533,-1,-1,-1
615,79,5629.7431640625,808.1814575195312,71.87109375,87.04327392578125,0.4689842164516449,-1,-1,-1
616,79,5626.01025390625,805.0786743164062,69.7080078125,91.73309326171875,0.5304111838340759,-1,-1,-1
617,79,5623.7666015625,804.162841796875,67.84033203125,92.78826904296875,0.5027329921722412,-1,-1,-1
618,79,5622.21533203125,802.246826171875,66.98193359375,93.72479248046875,0.5537813305854797,-1,-1,-1
619,79,5623.52197265625,801.140380859375,62.9560546875,92.74566650390625,0.5535987615585327,-1,-1,-1
620,79,5619.78173828125,799.8621215820312,65.3046875,95.25750732421875,0.5857105255126953,-1,-1,-1
621,79,5615.08837890625,800.8794555664062,69.07958984375,94.91436767578125,0.4813728928565979,-1,-1,-1
622,79,5613.66552734375,803.3364868164062,68.3720703125,91.27288818359375,0.450148344039917,-1,-1,-1
623,79,5612.927734375,805.3041381835938,68.384765625,88.79205322265625,0.3825673460960388,-1,-1,-1
624,79,5611.91455078125,809.075927734375,67.76708984375,84.76141357421875,0.35615673661231995,-1,-1,-1
625,79,5610.765625,811.2366943359375,68.07666015625,82.82928466796875,0.2891984283924103,-1,-1,-1
626,79,5606.7041015625,814.15673828125,69.9345703125,80.20306396484375,0.21999730169773102,-1,-1,-1
627,79,5603.1572265625,815.5518188476562,71.35888671875,79.681640625,0.17153006792068481,-1,-1,-1
703,90,5685.4072265625,817.3477172851562,62.279296875,110.14117431640625,0.3513278663158417,-1,-1,-1
704,90,5686.49755859375,816.7401123046875,63.3525390625,111.7330322265625,0.3697666823863983,-1,-1,-1
705,90,5688.64794921875,816.4892578125,62.53955078125,109.96307373046875,0.35723865032196045,-1,-1,-1
706,90,5689.7724609375,815.989501953125,63.3251953125,108.6622314453125,0.34924325346946716,-1,-1,-1
707,90,5691.61181640625,816.5059204101562,62.64501953125,106.86767578125,0.3333246111869812,-1,-1,-1
708,90,5692.89501953125,816.606201171875,63.07666015625,106.32427978515625,0.3547138571739197,-1,-1,-1
709,90,5694.37109375,817.099609375,63.08642578125,106.43450927734375,0.3589193820953369,-1,-1,-1
710,90,5695.4873046875,818.8583984375,63.212890625,104.80194091796875,0.3355259597301483,-1,-1,-1
711,90,5696.28466796875,821.3211059570312,64.12890625,100.747314453125,0.286293625831604,-1,-1,-1
712,90,5696.82421875,823.4612426757812,66.2578125,99.71978759765625,0.24942782521247864,-1,-1,-1
713,90,5696.783203125,825.9639892578125,68.146484375,99.12298583984375,0.22686253488063812,-1,-1,-1
714,90,5696.982421875,826.946044921875,69.10205078125,99.82794189453125,0.22289921343326569,-1,-1,-1
715,90,5697.568359375,827.2422485351562,69.3076171875,100.98724365234375,0.2274750918149948,-1,-1,-1
716,90,5698.73193359375,826.609130859375,68.60546875,102.62847900390625,0.2287776619195938,-1,-1,-1
717,90,5699.404296875,825.9421997070312,68.19873046875,103.5672607421875,0.24391058087348938,-1,-1,-1
718,90,5699.33984375,826.0882568359375,67.99853515625,103.14593505859375,0.25290369987487793,-1,-1,-1
719,90,5699.26025390625,827.1022338867188,67.6669921875,100.653076171875,0.2509991228580475,-1,-1,-1
720,90,5698.6328125,827.9351806640625,68.13623046875,100.140380859375,0.24491353332996368,-1,-1,-1
721,90,5697.70166015625,829.0859375,69.08544921875,99.439208984375,0.2728694677352905,-1,-1,-1
722,90,5695.90673828125,829.8358764648438,71.30810546875,100.11029052734375,0.2816145420074463,-1,-1,-1
723,90,5695.20263671875,829.040283203125,72.88623046875,101.58819580078125,0.28340715169906616,-1,-1,-1
724,90,5692.76904296875,828.537109375,76.4453125,102.829345703125,0.2641170620918274,-1,-1,-1
725,90,5692.7353515625,828.7080078125,77.5283203125,101.77801513671875,0.25862231850624084,-1,-1,-1
726,90,5692.21533203125,828.3323364257812,78.615234375,102.2286376953125,0.25469571352005005,-1,-1,-1
727,90,5691.89794921875,828.9662475585938,79.2705078125,101.202392578125,0.22845788300037384,-1,-1,-1
728,90,5692.060546875,829.9036865234375,79.52392578125,100.027099609375,0.20536909997463226,-1,-1,-1
