39,5,5072.20263671875,793.5115966796875,58.57275390625,92.8443603515625,0.341718465089798,-1,-1,-1
40,5,5071.748046875,792.5662231445312,54.79296875,92.82232666015625,0.3888104259967804,-1,-1,-1
41,5,5070.9521484375,794.3826293945312,49.0205078125,88.34844970703125,0.36857232451438904,-1,-1,-1
42,5,5067.9912109375,796.0814819335938,49.64306640625,86.32110595703125,0.3483809530735016,-1,-1,-1
43,5,5066.279296875,796.91064453125,49.7822265625,84.00946044921875,0.3176236152648926,-1,-1,-1
44,5,5065.2578125,798.4523315429688,49.6357421875,82.07568359375,0.3096255958080292,-1,-1,-1
45,5,5061.6142578125,799.7329711914062,52.8544921875,80.9869384765625,0.21285472810268402,-1,-1,-1
46,5,5058.78759765625,799.752197265625,55.638671875,80.92510986328125,0.2507591247558594,-1,-1,-1
47,5,5057.67529296875,798.9342651367188,56.8095703125,81.28680419921875,0.21889959275722504,-1,-1,-1
48,5,5052.46484375,798.97509765625,62.6806640625,81.99334716796875,0.19850152730941772,-1,-1,-1
49,5,5049.5322265625,799.7444458007812,66.14111328125,82.33001708984375,0.16004276275634766,-1,-1,-1
59,5,5029.9716796875,793.4295043945312,70.8134765625,98.19720458984375,0.2963917851448059,-1,-1,-1
60,5,5028.54931640625,792.5115966796875,66.900390625,97.22198486328125,0.32875803112983704,-1,-1,-1
61,5,5027.64501953125,793.26318359375,64.39697265625,96.5291748046875,0.34357962012290955,-1,-1,-1
62,5,5024.13330078125,794.24609375,65.30712890625,94.8741455078125,0.3107715845108032,-1,-1,-1
63,5,5021.9208984375,795.6277465820312,64.90771484375,92.838134765625,0.2804529368877411,-1,-1,-1
64,5,5019.95166015625,796.3636474609375,65.453125,90.26800537109375,0.28053218126296997,-1,-1,-1
65,5,5019.2744140625,797.1817626953125,64.31005859375,87.1097412109375,0.21723055839538574,-1,-1,-1
80,5,4986.40966796875,799.5321655273438,54.0810546875,81.12158203125,0.32080602645874023,-1,-1,-1
81,5,4981.931640625,799.9449462890625,56.96044921875,80.92877197265625,0.3538791239261627,-1,-1,-1
82,5,4979.498046875,800.3670043945312,58.78515625,79.98626708984375,0.37649789452552795,-1,-1,-1
83,5,4977.07421875,800.6748657226562,62.05322265625,79.97314453125,0.4032541513442993,-1,-1,-1
84,5,4973.78466796875,801.210205078125,65.0751953125,79.278076171875,0.3437667787075043,-1,-1,-1
85,5,4968.3916015625,800.8562622070312,71.79541015625,83.2044677734375,0.3082822859287262,-1,-1,-1
86,5,4969.208984375,799.0462646484375,70.701171875,85.8284912109375,0.3639264404773712,-1,-1,-1
87,5,4968.9326171875,800.2949829101562,70.921875,84.96160888671875,0.36657774448394775,-1,-1,-1
88,5,4968.31982421875,801.9805908203125,71.6103515625,84.02667236328125,0.3371987044811249,-1,-1,-1
89,5,4966.3232421875,803.7781982421875,73.12060546875,83.244384765625,0.26138201355934143,-1,-1,-1
90,5,4964.59228515625,804.791015625,73.88818359375,82.654541015625,0.24841247498989105,-1,-1,-1
91,5,4962.39111328125,802.3826293945312,74.50537109375,85.50927734375,0.2761498689651489,-1,-1,-1
92,5,4960.83935546875,800.6439208984375,74.34814453125,88.51031494140625,0.3221697509288788,-1,-1,-1
93,5,4958.6796875,797.4387817382812,74.00048828125,91.8505859375,0.3719918429851532,-1,-1,-1
94,5,4956.2998046875,795.1293334960938,72.29638671875,95.7652587890625,0.43292561173439026,-1,-1,-1
95,5,4951.47216796875,795.2388305664062,71.646484375,95.075927734375,0.41280773282051086,-1,-1,-1
96,5,4949.97265625,794.1826171875,67.150390625,96.59613037109375,0.34444376826286316,-1,-1,-1
97,5,4948.529296875,793.29248046875,63.0478515625,91.8837890625,0.15953093767166138,-1,-1,-1
98,5,4943.94775390625,793.3528442382812,63.56103515625,88.33966064453125,0.19855351746082306,-1,-1,-1
99,5,4941.59765625,795.287353515625,63.19580078125,85.7486572265625,0.19265063107013702,-1,-1,-1
111,5,4907.876953125,790.6427612304688,68.88916015625,91.0439453125,0.27184662222862244,-1,-1,-1
112,5,4906.5419921875,790.3270263671875,68.9013671875,91.1900634765625,0.3095532953739166,-1,-1,-1
113,5,4904.9580078125,788.990478515625,69.9111328125,93.46954345703125,0.2175450325012207,-1,-1,-1
114,5,4904.154296875,788.2223510742188,67.9091796875,93.922607421875,0.253447949886322,-1,-1,-1
115,5,4904.7265625,787.0987548828125,64.37060546875,95.634765625,0.2676142752170563,-1,-1,-1
116,5,4904.01611328125,787.8687133789062,61.41064453125,93.69232177734375,0.25182652473449707,-1,-1,-1
117,5,4901.79248046875,787.5623168945312,61.08349609375,95.24517822265625,0.28454160690307617,-1,-1,-1
118,5,4900.62548828125,788.0448608398438,60.6533203125,94.63348388671875,0.3236188590526581,-1,-1,-1
119,5,4901.0517578125,788.3570556640625,58.8212890625,93.1422119140625,0.34814271330833435,-1,-1,-1
120,5,4901.775390625,789.0725708007812,56.47412109375,91.53326416015625,0.38263750076293945,-1,-1,-1
121,5,4899.740234375,789.75048828125,57.26806640625,93.975830078125,0.4071401059627533,-1,-1,-1
122,5,4896.466796875,789.3375854492188,59.97705078125,97.172119140625,0.40760737657546997,-1,-1,-1
123,5,4894.3232421875,789.0391845703125,61.01513671875,98.0087890625,0.4007984399795532,-1,-1,-1
124,5,4892.24560546875,788.5206298828125,62.021484375,99.0758056640625,0.3616067171096802,-1,-1,-1
125,5,4891.158203125,787.719482421875,62.31640625,99.4813232421875,0.33665788173675537,-1,-1,-1
126,5,4890.26953125,787.4575805664062,60.75830078125,99.87738037109375,0.32553336024284363,-1,-1,-1
127,5,4888.759765625,788.0013427734375,59.99462890625,101.09429931640625,0.34141817688941956,-1,-1,-1
128,5,4887.234375,787.9295043945312,60.06640625,100.44708251953125,0.2907857894897461,-1,-1,-1
129,5,4884.07470703125,788.7883911132812,61.494140625,100.6995849609375,0.30278849601745605,-1,-1,-1
130,5,4881.1279296875,789.78125,60.619140625,99.534912109375,0.2620651423931122,-1,-1,-1
131,5,4877.451171875,791.0513305664062,60.97509765625,101.458740234375,0.26279324293136597,-1,-1,-1
132,5,4876.19873046875,793.3212890625,59.03515625,99.07489013671875,0.25250568985939026,-1,-1,-1
133,5,4875.50341796875,793.3922729492188,57.255859375,99.222412109375,0.21793687343597412,-1,-1,-1
175,10,4821.11767578125,797.8305053710938,54.880859375,89.87017822265625,0.34251099824905396,-1,-1,-1
176,10,4821.24169921875,794.316162109375,54.83935546875,92.8775634765625,0.36827552318573,-1,-1,-1
177,10,4822.1904296875,791.2294311523438,53.78564453125,94.87347412109375,0.42922988533973694,-1,-1,-1
178,10,4822.48046875,789.5553588867188,53.7001953125,96.2132568359375,0.45046675205230713,-1,-1,-1
179,10,4822.5966796875,787.8322143554688,53.51123046875,98.0146484375,0.4539465010166168,-1,-1,-1
180,10,4822.99609375,787.6152954101562,52.69580078125,97.0496826171875,0.4097716808319092,-1,-1,-1
181,10,4822.74267578125,787.7203369140625,52.470703125,96.08892822265625,0.34917667508125305,-1,-1,-1
182,10,4822.03759765625,788.1860961914062,52.97314453125,95.2684326171875,0.3649587631225586,-1,-1,-1
183,10,4821.72021484375,789.59375,52.9306640625,93.35614013671875,0.32802140712738037,-1,-1,-1
184,10,4822.12890625,789.7496948242188,52.53759765625,93.02825927734375,0.4064846634864807,-1,-1,-1
185,10,4822.6748046875,789.1647338867188,52.23583984375,93.62939453125,0.41913533210754395,-1,-1,-1
186,10,4824.04443359375,788.4969482421875,51.259765625,94.3758544921875,0.4581509232521057,-1,-1,-1
187,10,4824.61181640625,787.9732055664062,51.2265625,95.16998291015625,0.5182380676269531,-1,-1,-1
188,10,4824.9296875,787.946533203125,51.30029296875,95.34600830078125,0.5208176970481873,-1,-1,-1
189,10,4825.15478515625,787.8253173828125,51.55224609375,96.15374755859375,0.4834834039211273,-1,-1,-1
190,10,4825.89453125,787.5543823242188,52.1806640625,99.258056640625,0.38723570108413696,-1,-1,-1
191,10,4826.45849609375,786.90576171875,54.08740234375,105.22686767578125,0.3924901783466339,-1,-1,-1
192,10,4827.63720703125,786.7494506835938,55.2841796875,101.0787353515625,0.36291247606277466,-1,-1,-1
193,10,4828.4091796875,786.7098388671875,57.15380859375,103.56304931640625,0.22643440961837769,-1,-1,-1
194,10,4828.921875,787.2307739257812,59.67529296875,104.319091796875,0.17893309891223907,-1,-1,-1
256,12,4880.72705078125,789.4437255859375,69.08740234375,98.35516357421875,0.34378886222839355,-1,-1,-1
257,12,4883.1640625,789.4653930664062,70.22314453125,95.792724609375,0.3642866611480713,-1,-1,-1
258,12,4883.21728515625,789.5264892578125,73.5830078125,96.21624755859375,0.41631433367729187,-1,-1,-1
259,12,4886.5146484375,789.239013671875,71.11181640625,95.72332763671875,0.38218703866004944,-1,-1,-1
260,12,4887.765625,790.2429809570312,70.5986328125,96.07965087890625,0.3884153962135315,-1,-1,-1
261,12,4890.64697265625,789.966064453125,67.837890625,97.3837890625,0.4109705984592438,-1,-1,-1
262,12,4888.7890625,790.1874389648438,69.12158203125,97.15240478515625,0.40509164333343506,-1,-1,-1
263,12,4886.8046875,790.2607421875,70.955078125,96.6641845703125,0.4050145447254181,-1,-1,-1
264,12,4885.1298828125,791.0045166015625,73.845703125,95.4998779296875,0.39167913794517517,-1,-1,-1
265,12,4884.7529296875,794.6919555664062,80.734375,92.5963134765625,0.29780852794647217,-1,-1,-1
266,12,4890.90966796875,793.7697143554688,77.3974609375,92.02288818359375,0.3252573013305664,-1,-1,-1
267,12,4894.85205078125,792.5658569335938,74.98388671875,94.25177001953125,0.34298640489578247,-1,-1,-1
268,12,4895.50048828125,791.5491943359375,75.34326171875,96.27362060546875,0.32937055826187134,-1,-1,-1
269,12,4893.21728515625,790.8851928710938,78.814453125,98.05133056640625,0.26855629682540894,-1,-1,-1
270,12,4891.53662109375,790.3423461914062,80.4697265625,96.72332763671875,0.22477667033672333,-1,-1,-1
290,18,4932.7236328125,793.6692504882812,75.64892578125,92.524169921875,0.32348787784576416,-1,-1,-1
291,18,4933.22119140625,796.5027465820312,76.57861328125,90.3282470703125,0.3145467936992645,-1,-1,-1
292,18,4932.7294921875,799.5117797851562,77.44677734375,86.96234130859375,0.25660768151283264,-1,-1,-1
293,18,4933.43359375,799.1414794921875,78.0732421875,88.025390625,0.2698169946670532,-1,-1,-1
294,18,4935.21826171875,797.9270629882812,77.96728515625,88.57275390625,0.2597438395023346,-1,-1,-1
322,18,4983.98388671875,796.713623046875,50.99169921875,87.5877685546875,0.39388763904571533,-1,-1,-1
323,18,4983.68994140625,796.1394653320312,51.40478515625,88.5992431640625,0.42282670736312866,-1,-1,-1
324,18,4979.0634765625,795.690185546875,55.24609375,88.58966064453125,0.4044988453388214,-1,-1,-1
325,18,4978.60986328125,794.2989501953125,55.29296875,89.44268798828125,0.32918262481689453,-1,-1,-1
326,18,4977.767578125,794.1465454101562,56.71435546875,87.22357177734375,0.31545913219451904,-1,-1,-1
327,18,4982.861328125,793.3123779296875,52.9365234375,89.9813232421875,0.40135738253593445,-1,-1,-1
328,18,4982.4833984375,795.0711059570312,53.80859375,88.13873291015625,0.40279439091682434,-1,-1,-1
329,18,4981.8935546875,796.3068237304688,54.9921875,88.81573486328125,0.3606880009174347,-1,-1,-1
330,18,4983.81787109375,796.021240234375,53.65966796875,91.81561279296875,0.3866337537765503,-1,-1,-1
331,18,4981.4189453125,798.3877563476562,56.04248046875,90.74554443359375,0.3336900472640991,-1,-1,-1
332,18,4982.06982421875,798.7869873046875,55.8271484375,87.979248046875,0.33459681272506714,-1,-1,-1
333,18,4984.3515625,796.197265625,54.298828125,92.31549072265625,0.3905593156814575,-1,-1,-1
334,18,4986.599609375,794.0986328125,54.1328125,105.79522705078125,0.40174418687820435,-1,-1,-1
335,18,4987.39208984375,794.0601196289062,55.24169921875,112.28973388671875,0.35246312618255615,-1,-1,-1
336,18,4987.17822265625,794.6569213867188,55.36669921875,111.76593017578125,0.3440202474594116,-1,-1,-1
337,18,4986.7080078125,795.1536254882812,55.5244140625,110.26556396484375,0.33219340443611145,-1,-1,-1
338,18,4986.19921875,796.3056030273438,55.47314453125,106.8189697265625,0.3265533149242401,-1,-1,-1
339,18,4985.9765625,797.048583984375,55.80419921875,105.1263427734375,0.31841209530830383,-1,-1,-1
340,18,4985.3505859375,798.0072021484375,56.45068359375,104.240966796875,0.3232622444629669,-1,-1,-1
341,18,4984.541015625,798.8438110351562,57.28125,103.30194091796875,0.30463144183158875,-1,-1,-1
342,18,4984.1982421875,799.0343627929688,57.98193359375,103.09222412109375,0.28642112016677856,-1,-1,-1
343,18,4982.81689453125,799.1823120117188,59.4443359375,102.1781005859375,0.24985235929489136,-1,-1,-1
344,18,4981.693359375,799.2628173828125,60.05224609375,100.4605712890625,0.23209598660469055,-1,-1,-1
345,18,4980.8935546875,800.0005493164062,60.69921875,98.63043212890625,0.22479192912578583,-1,-1,-1
346,18,4981.13525390625,800.194580078125,60.67431640625,97.59588623046875,0.21114695072174072,-1,-1,-1
347,18,4981.68505859375,799.8130493164062,60.5380859375,97.9853515625,0.2130305916070938,-1,-1,-1
348,18,4982.19921875,799.7610473632812,60.34765625,98.114013671875,0.21645119786262512,-1,-1,-1
349,18,4983.49951171875,799.8905639648438,59.55322265625,97.97674560546875,0.23269039392471313,-1,-1,-1
350,18,4985.3681640625,799.5045166015625,58.56201171875,98.93597412109375,0.26247620582580566,-1,-1,-1
351,18,4986.927734375,798.31005859375,58.013671875,101.04327392578125,0.2694578766822815,-1,-1,-1
352,18,4987.84033203125,798.042724609375,57.35888671875,101.8594970703125,0.2654809355735779,-1,-1,-1
353,18,4988.11767578125,798.4713745117188,57.12451171875,101.70330810546875,0.27279338240623474,-1,-1,-1
354,18,4988.25,798.985595703125,57.30029296875,101.429931640625,0.26232537627220154,-1,-1,-1
355,18,4988.423828125,799.10693359375,57.40625,101.76654052734375,0.261361300945282,-1,-1,-1
356,18,4988.34326171875,799.2071533203125,57.525390625,101.69183349609375,0.27484482526779175,-1,-1,-1
357,18,4988.6611328125,798.81884765625,57.58251953125,102.63043212890625,0.2891562879085541,-1,-1,-1
358,18,4988.38037109375,799.4494018554688,57.611328125,101.486328125,0.3182108998298645,-1,-1,-1
359,18,4987.4443359375,799.9376220703125,57.82373046875,98.5133056640625,0.3060239255428314,-1,-1,-1
360,18,4986.98046875,800.8143310546875,57.7080078125,97.106201171875,0.35452666878700256,-1,-1,-1
361,18,4987.90869140625,799.6434936523438,57.40771484375,100.34783935546875,0.39856666326522827,-1,-1,-1
362,18,4988.86328125,798.7487182617188,57.3505859375,103.97601318359375,0.36581510305404663,-1,-1,-1
363,18,4989.70068359375,798.275146484375,57.27294921875,106.01629638671875,0.3490893840789795,-1,-1,-1
364,18,4990.24658203125,797.8189086914062,57.14599609375,109.45697021484375,0.3545602560043335,-1,-1,-1
365,18,4990.59521484375,797.2354125976562,57.1533203125,111.86883544921875,0.3537619411945343,-1,-1,-1
366,18,4990.49365234375,796.6931762695312,56.875,112.55010986328125,0.3457452952861786,-1,-1,-1
367,18,4990.45068359375,796.7761840820312,56.720703125,112.365966796875,0.3337656855583191,-1,-1,-1
368,18,4990.3544921875,796.2379760742188,56.591796875,113.08148193359375,0.3620394766330719,-1,-1,-1
369,18,4990.20849609375,795.8150024414062,56.4208984375,114.26519775390625,0.38812774419784546,-1,-1,-1
370,18,4990.1162109375,795.4557495117188,55.3984375,112.36456298828125,0.340919554233551,-1,-1,-1
371,18,4989.314453125,795.1101684570312,55.0712890625,109.251708984375,0.3495770990848541,-1,-1,-1
372,18,4988.0556640625,796.305419921875,54.81298828125,103.95147705078125,0.3340338468551636,-1,-1,-1
373,18,4986.94921875,796.9034423828125,54.8740234375,101.24462890625,0.34781649708747864,-1,-1,-1
374,18,4986.443359375,796.8458251953125,54.9140625,100.58428955078125,0.38736486434936523,-1,-1,-1
375,18,4986.3564453125,796.4304809570312,54.84716796875,100.89697265625,0.3721276819705963,-1,-1,-1
376,18,4986.38037109375,796.081298828125,55.12158203125,101.38372802734375,0.3611486852169037,-1,-1,-1
377,18,4986.27734375,795.843017578125,55.3466796875,101.97015380859375,0.3806056082248688,-1,-1,-1
378,18,4986.23095703125,795.923828125,55.30810546875,101.73028564453125,0.37178757786750793,-1,-1,-1
379,18,4986.2734375,796.2294921875,55.302734375,101.6793212890625,0.37854570150375366,-1,-1,-1
380,18,4986.47705078125,795.8799438476562,54.75927734375,101.892822265625,0.38851362466812134,-1,-1,-1
381,18,4986.50439453125,795.7050170898438,54.49072265625,101.76654052734375,0.3743358254432678,-1,-1,-1
382,18,4986.35400390625,795.80712890625,54.185546875,100.913818359375,0.3710744380950928,-1,-1,-1
383,18,4986.43017578125,795.9951171875,54.01123046875,100.34283447265625,0.3624887764453888,-1,-1,-1
384,18,4986.6328125,796.1671752929688,53.64892578125,100.6978759765625,0.3961823284626007,-1,-1,-1
385,18,4986.72802734375,796.1895751953125,53.69140625,101.355224609375,0.42424720525741577,-1,-1,-1
386,18,4987.23193359375,795.7814331054688,53.4736328125,102.95770263671875,0.45254385471343994,-1,-1,-1
387,18,4987.9443359375,795.16748046875,53.54296875,105.2781982421875,0.4434545040130615,-1,-1,-1
388,18,4988.63427734375,794.708251953125,53.62109375,107.18292236328125,0.4250125586986542,-1,-1,-1
389,18,4989.37646484375,794.5350952148438,53.38037109375,108.24755859375,0.42626574635505676,-1,-1,-1
390,18,4989.55712890625,794.4786376953125,52.72265625,104.842529296875,0.3747774660587311,-1,-1,-1
391,18,4989.32080078125,794.7018432617188,52.06689453125,101.23846435546875,0.3510287404060364,-1,-1,-1
392,18,4989.3193359375,795.49658203125,51.837890625,99.1134033203125,0.35982272028923035,-1,-1,-1
393,18,4989.1328125,795.9566650390625,51.357421875,100.6339111328125,0.34570056200027466,-1,-1,-1
394,18,4988.95458984375,796.22314453125,51.25244140625,100.8570556640625,0.34876954555511475,-1,-1,-1
395,18,4988.87255859375,796.7586669921875,50.90869140625,99.71588134765625,0.3415515124797821,-1,-1,-1
396,18,4988.7587890625,797.3169555664062,50.47900390625,98.384033203125,0.3325018882751465,-1,-1,-1
397,18,4988.4501953125,797.96044921875,50.49853515625,97.3775634765625,0.37472108006477356,-1,-1,-1
398,18,4988.05029296875,798.333984375,50.607421875,98.1748046875,0.4143526256084442,-1,-1,-1
399,18,4988.05517578125,800.1448974609375,50.4169921875,97.4356689453125,0.4215663969516754,-1,-1,-1
400,18,4987.97314453125,801.2201538085938,50.6865234375,97.05859375,0.45652177929878235,-1,-1,-1
401,18,4987.37646484375,802.0909423828125,51.267578125,95.81536865234375,0.48677584528923035,-1,-1,-1
402,18,4986.54443359375,802.76318359375,52.10888671875,96.220947265625,0.5228356719017029,-1,-1,-1
403,18,4986.21240234375,802.6781005859375,52.8369140625,98.96441650390625,0.538598895072937,-1,-1,-1
404,18,4986.0185546875,802.1150512695312,53.27587890625,101.6966552734375,0.536949634552002,-1,-1,-1
405,18,4985.72216796875,802.3452758789062,53.81591796875,107.546630859375,0.5637366771697998,-1,-1,-1
406,18,4985.095703125,801.8745727539062,54.54443359375,110.58782958984375,0.5618759393692017,-1,-1,-1
407,18,4984.451171875,802.4830322265625,54.787109375,112.06732177734375,0.5588781833648682,-1,-1,-1
408,18,4983.23388671875,801.6497192382812,55.46630859375,114.68463134765625,0.5464138388633728,-1,-1,-1
409,18,4981.9658203125,801.6829833984375,55.91259765625,115.66259765625,0.5505686402320862,-1,-1,-1
410,18,4978.50048828125,800.2844848632812,58.95703125,117.38311767578125,0.5581585764884949,-1,-1,-1
411,18,4976.27001953125,800.5259399414062,60.71044921875,114.21771240234375,0.5681084990501404,-1,-1,-1
412,18,4976.34521484375,803.1177368164062,59.48974609375,107.85638427734375,0.5314696431159973,-1,-1,-1
413,18,4976.57421875,805.5000610351562,58.412109375,101.787841796875,0.5349496603012085,-1,-1,-1
414,18,4976.28369140625,808.1148071289062,58.16845703125,97.72314453125,0.5358099937438965,-1,-1,-1
415,18,4973.9638671875,807.7377319335938,60.3330078125,98.88006591796875,0.525343656539917,-1,-1,-1
416,18,4971.66943359375,804.0792236328125,62.61376953125,104.2637939453125,0.5586324334144592,-1,-1,-1
417,18,4971.671875,801.9444580078125,63.13916015625,105.05560302734375,0.5118626952171326,-1,-1,-1
418,18,4972.4033203125,802.8300170898438,62.43896484375,96.700439453125,0.44914424419403076,-1,-1,-1
419,18,4970.64892578125,805.0591430664062,63.6904296875,89.30242919921875,0.4017639458179474,-1,-1,-1
420,18,4969.12353515625,805.833251953125,64.3525390625,83.99615478515625,0.3276732861995697,-1,-1,-1
421,18,4967.27294921875,807.763427734375,64.20458984375,80.23870849609375,0.23941826820373535,-1,-1,-1
426,18,4956.70556640625,807.28564453125,67.4833984375,85.303955078125,0.3013947606086731,-1,-1,-1
427,18,4954.26123046875,806.5491943359375,68.23291015625,85.8548583984375,0.2741188704967499,-1,-1,-1
428,18,4951.8974609375,805.2347412109375,68.86279296875,90.10516357421875,0.3306836187839508,-1,-1,-1
429,18,4950.73681640625,805.452880859375,68.39892578125,91.5648193359375,0.30784186720848083,-1,-1,-1
430,18,4949.98681640625,805.7928466796875,66.50830078125,91.85784912109375,0.2973438501358032,-1,-1,-1
431,18,4949.23291015625,806.2361450195312,65.15185546875,97.79248046875,0.2833014130592346,-1,-1,-1
432,18,4949.20654296875,807.0501098632812,63.84423828125,103.6153564453125,0.27162858843803406,-1,-1,-1
433,18,4949.66455078125,807.6744384765625,62.34130859375,105.7142333984375,0.28084254264831543,-1,-1,-1
434,18,4948.18359375,807.3195190429688,62.353515625,105.85491943359375,0.29225724935531616,-1,-1,-1
435,18,4947.6103515625,807.6611938476562,61.98583984375,103.971435546875,0.29843711853027344,-1,-1,-1
436,18,4947.69873046875,808.0206909179688,61.7353515625,102.89324951171875,0.28718554973602295,-1,-1,-1
437,18,4948.09716796875,807.527099609375,61.64990234375,103.8436279296875,0.3083651065826416,-1,-1,-1
438,18,4948.8310546875,807.0064086914062,61.23046875,105.306396484375,0.3164995014667511,-1,-1,-1
439,18,4949.5478515625,806.2000732421875,60.607421875,105.9580078125,0.32417288422584534,-1,-1,-1
440,18,4950.4130859375,805.6536254882812,59.6748046875,106.2735595703125,0.29643964767456055,-1,-1,-1
441,18,4950.638671875,805.2952270507812,59.3896484375,106.9317626953125,0.28050553798675537,-1,-1,-1
442,18,4951.30078125,805.4711303710938,58.92333984375,107.9588623046875,0.28529277443885803,-1,-1,-1
443,18,4952.3720703125,805.6961669921875,58.296875,109.1661376953125,0.27228277921676636,-1,-1,-1
444,18,4953.1376953125,805.55615234375,58.4482421875,111.20989990234375,0.30044692754745483,-1,-1,-1
445,18,4953.2802734375,804.6534423828125,59.05322265625,112.35101318359375,0.3066514730453491,-1,-1,-1
446,18,4952.7744140625,804.2474975585938,59.80419921875,113.5167236328125,0.3047413229942322,-1,-1,-1
447,18,4952.67724609375,804.23583984375,61.06298828125,115.3861083984375,0.3263993561267853,-1,-1,-1
448,18,4952.38427734375,805.7576904296875,62.91552734375,117.19268798828125,0.33216002583503723,-1,-1,-1
449,18,4953.47705078125,808.3072509765625,63.484375,117.3240966796875,0.3378522992134094,-1,-1,-1
450,18,4954.8486328125,809.8289794921875,63.24853515625,115.92431640625,0.32918521761894226,-1,-1,-1
451,18,4956.859375,810.669189453125,62.0126953125,112.736572265625,0.32975563406944275,-1,-1,-1
452,18,4958.943359375,808.9348754882812,60.8046875,112.8878173828125,0.3736591041088104,-1,-1,-1
453,18,4961.126953125,806.5845336914062,59.2919921875,113.78717041015625,0.3861852288246155,-1,-1,-1
454,18,4962.603515625,804.0813598632812,58.91552734375,115.75860595703125,0.40253493189811707,-1,-1,-1
455,18,4963.8564453125,802.757568359375,58.41796875,116.6202392578125,0.36204633116722107,-1,-1,-1
456,18,4964.73583984375,801.7643432617188,58.58203125,118.24420166015625,0.3700551390647888,-1,-1,-1
457,18,4964.56103515625,801.9060668945312,59.501953125,119.85125732421875,0.38873186707496643,-1,-1,-1
458,18,4964.28955078125,801.7102661132812,60.12548828125,120.90338134765625,0.38388311862945557,-1,-1,-1
459,18,4965.19580078125,802.7899780273438,59.30615234375,120.00518798828125,0.39090368151664734,-1,-1,-1
460,18,4966.04443359375,801.8828125,60.1904296875,120.56304931640625,0.45778629183769226,-1,-1,-1
461,18,4966.7822265625,800.4939575195312,61.91162109375,121.1051025390625,0.47085997462272644,-1,-1,-1
462,18,4967.03564453125,800.3931884765625,63.84521484375,120.4620361328125,0.48538583517074585,-1,-1,-1
463,18,4967.10400390625,800.6207885742188,65.18310546875,119.22259521484375,0.5003548264503479,-1,-1,-1
464,18,4966.91943359375,800.2684326171875,65.6162109375,118.99542236328125,0.5225826501846313,-1,-1,-1
465,18,4966.5703125,801.1583862304688,66.1123046875,116.228271484375,0.4935779571533203,-1,-1,-1
466,18,4966.47998046875,803.1240844726562,67.08642578125,111.93328857421875,0.4836093783378601,-1,-1,-1
467,18,4967.7861328125,803.9210205078125,66.62451171875,107.56573486328125,0.4729226231575012,-1,-1,-1
468,18,4969.8310546875,803.0487060546875,65.40478515625,103.00384521484375,0.4759313464164734,-1,-1,-1
469,18,4971.076171875,803.3668823242188,65.22314453125,95.9090576171875,0.5026606321334839,-1,-1,-1
470,18,4971.162109375,803.7954711914062,65.54248046875,90.56463623046875,0.5438646078109741,-1,-1,-1
471,18,4970.92578125,805.332763671875,65.8056640625,86.31182861328125,0.5299314856529236,-1,-1,-1
472,18,4970.03173828125,806.15283203125,66.94580078125,85.23663330078125,0.5284342169761658,-1,-1,-1
473,18,4969.85009765625,808.0790405273438,66.9716796875,84.0374755859375,0.4855654835700989,-1,-1,-1
474,18,4969.9970703125,810.6675415039062,67.10595703125,80.8140869140625,0.4595305621623993,-1,-1,-1
475,18,4970.9130859375,812.744140625,67.4814453125,79.62750244140625,0.40616288781166077,-1,-1,-1
476,18,4972.53515625,813.8119506835938,69.15625,77.9962158203125,0.35431742668151855,-1,-1,-1
477,18,4972.34228515625,813.1571655273438,72.552734375,79.235107421875,0.3701242506504059,-1,-1,-1
478,18,4972.77587890625,812.3547973632812,73.81396484375,79.8359375,0.3587632477283478,-1,-1,-1
479,18,4975.34130859375,811.94482421875,71.9384765625,78.01947021484375,0.339063435792923,-1,-1,-1
480,18,4977.9140625,811.9116821289062,69.4267578125,76.690673828125,0.3478831648826599,-1,-1,-1
481,18,4981.01171875,811.9423217773438,67.7998046875,76.55230712890625,0.329563707113266,-1,-1,-1
482,18,4982.53466796875,811.1102294921875,67.81396484375,79.0096435546875,0.3298731744289398,-1,-1,-1
483,18,4983.474609375,810.2864990234375,67.197265625,80.12615966796875,0.33872857689857483,-1,-1,-1
484,18,4983.8681640625,811.083984375,66.92724609375,78.66265869140625,0.313335120677948,-1,-1,-1
485,18,4984.06103515625,811.3450317382812,68.02294921875,78.0726318359375,0.27453920245170593,-1,-1,-1
486,18,4985.48779296875,811.3965454101562,67.52197265625,80.52484130859375,0.28933262825012207,-1,-1,-1
487,18,4984.84765625,811.5980224609375,68.54541015625,82.3134765625,0.26692602038383484,-1,-1,-1
488,18,4983.984375,812.3960571289062,68.0537109375,80.3880615234375,0.29628050327301025,-1,-1,-1
489,18,4983.3984375,813.392822265625,67.49755859375,77.94512939453125,0.2958284616470337,-1,-1,-1
490,18,4983.2861328125,814.1162109375,66.61181640625,78.13922119140625,0.3520422577857971,-1,-1,-1
491,18,4983.75244140625,813.2706298828125,65.49853515625,81.972412109375,0.4045359492301941,-1,-1,-1
492,18,4984.13525390625,813.3943481445312,64.5390625,82.2540283203125,0.39551272988319397,-1,-1,-1
493,18,4984.9892578125,812.7557983398438,63.6064453125,81.71087646484375,0.3815958797931671,-1,-1,-1
494,18,4985.51513671875,812.4434814453125,63.8740234375,79.4736328125,0.38924500346183777,-1,-1,-1
495,18,4986.873046875,812.043701171875,64.4580078125,74.4595947265625,0.29328620433807373,-1,-1,-1
496,18,4987.6162109375,808.7242431640625,63.1787109375,78.8404541015625,0.4559037983417511,-1,-1,-1
497,18,4987.6708984375,807.8427734375,63.8046875,78.762451171875,0.42009758949279785,-1,-1,-1
498,18,4987.78173828125,806.6517333984375,64.10107421875,80.8126220703125,0.42149969935417175,-1,-1,-1
499,18,4988.18798828125,806.9301147460938,64.93505859375,82.3421630859375,0.4174953103065491,-1,-1,-1
500,18,4988.13037109375,808.8865966796875,66.12158203125,76.44842529296875,0.3079051077365875,-1,-1,-1
501,18,4987.943359375,808.9686279296875,68.0,75.977294921875,0.3219025135040283,-1,-1,-1
502,18,4988.35107421875,807.7064208984375,70.54931640625,82.11328125,0.36113908886909485,-1,-1,-1
503,18,4988.46923828125,807.0885620117188,72.21923828125,83.89849853515625,0.3008638322353363,-1,-1,-1
504,18,4988.845703125,805.0296020507812,72.607421875,86.628173828125,0.34577006101608276,-1,-1,-1
505,18,4986.9208984375,804.2802734375,74.0361328125,87.263427734375,0.3338547348976135,-1,-1,-1
506,18,4985.78466796875,804.1370239257812,74.34228515625,87.23883056640625,0.3499450087547302,-1,-1,-1
507,18,4984.73046875,805.0717163085938,75.30810546875,86.513916015625,0.3383467495441437,-1,-1,-1
508,18,4984.16650390625,806.155029296875,75.59912109375,85.2677001953125,0.3391909599304199,-1,-1,-1
509,18,4985.3759765625,806.1635131835938,74.4912109375,85.2674560546875,0.3198786675930023,-1,-1,-1
510,18,4985.9619140625,806.6304931640625,73.9130859375,85.201904296875,0.3105234205722809,-1,-1,-1
511,18,4985.82373046875,806.3379516601562,73.16162109375,84.923583984375,0.3238334357738495,-1,-1,-1
512,18,4984.978515625,806.138916015625,72.9951171875,84.05499267578125,0.26199761033058167,-1,-1,-1
513,18,4986.197265625,805.4503173828125,71.82568359375,84.3956298828125,0.27250903844833374,-1,-1,-1
514,18,4986.916015625,805.1730346679688,70.943359375,84.92327880859375,0.2853940427303314,-1,-1,-1
515,18,4987.458984375,803.1954956054688,70.14453125,87.1484375,0.24235275387763977,-1,-1,-1
537,18,4990.7060546875,808.24462890625,63.671875,101.6572265625,0.31238868832588196,-1,-1,-1
538,18,4990.578125,808.5672607421875,62.9736328125,99.42620849609375,0.3127300441265106,-1,-1,-1
539,18,4990.67041015625,809.1719360351562,62.1962890625,95.505859375,0.32394322752952576,-1,-1,-1
540,18,4990.603515625,808.536865234375,62.5244140625,97.06500244140625,0.3398247957229614,-1,-1,-1
541,18,4990.6591796875,807.984619140625,62.7958984375,102.99847412109375,0.3961111307144165,-1,-1,-1
542,18,4990.48876953125,807.7027587890625,64.0283203125,108.49505615234375,0.4060717821121216,-1,-1,-1
543,18,4990.10986328125,807.2630615234375,65.6640625,111.98748779296875,0.42869383096694946,-1,-1,-1
544,18,4988.7744140625,807.0873413085938,67.09033203125,114.11834716796875,0.4769095480442047,-1,-1,-1
545,18,4988.10986328125,806.9315795898438,68.44873046875,115.80609130859375,0.478400319814682,-1,-1,-1
546,18,4984.0859375,805.2643432617188,72.8759765625,119.4400634765625,0.4820801317691803,-1,-1,-1
547,18,4982.6875,803.3076171875,74.18896484375,122.2791748046875,0.47416064143180847,-1,-1,-1
548,18,4984.14794921875,802.5967407226562,70.3193359375,114.454345703125,0.4758414030075073,-1,-1,-1
549,18,4985.388671875,801.8325805664062,65.474609375,104.71978759765625,0.47542113065719604,-1,-1,-1
550,18,4985.1962890625,802.88134765625,60.939453125,96.1282958984375,0.48418304324150085,-1,-1,-1
551,18,4983.44677734375,804.2369995117188,61.20263671875,94.39117431640625,0.5052557587623596,-1,-1,-1
552,18,4982.6904296875,804.0662841796875,59.09716796875,95.9483642578125,0.5345311760902405,-1,-1,-1
553,18,4983.02734375,805.29248046875,55.759765625,91.809326171875,0.541847825050354,-1,-1,-1
554,18,4983.05908203125,808.0770263671875,53.8623046875,85.41455078125,0.4885333478450775,-1,-1,-1
555,18,4982.29052734375,810.55322265625,53.78955078125,80.6854248046875,0.42480024695396423,-1,-1,-1
556,18,4981.0048828125,812.45556640625,54.53662109375,77.61376953125,0.34883567690849304,-1,-1,-1
557,18,4979.95263671875,809.9130859375,55.42529296875,79.66766357421875,0.3297630250453949,-1,-1,-1
558,18,4980.42724609375,809.8582153320312,54.5380859375,79.1458740234375,0.3687552213668823,-1,-1,-1
559,18,4979.66162109375,809.2555541992188,54.81640625,82.41790771484375,0.3882863521575928,-1,-1,-1
560,18,4978.25927734375,808.1531982421875,55.6181640625,84.50946044921875,0.3448854982852936,-1,-1,-1
561,18,4975.119140625,808.5068359375,58.93212890625,85.084228515625,0.3104841411113739,-1,-1,-1
562,18,4971.47607421875,809.5795288085938,62.72265625,83.29754638671875,0.28646114468574524,-1,-1,-1
563,18,4969.08984375,810.2044067382812,65.318359375,78.080078125,0.19152113795280457,-1,-1,-1
564,18,4967.4169921875,810.258544921875,67.4384765625,78.03985595703125,0.24824468791484833,-1,-1,-1
565,18,4965.55029296875,810.8511962890625,69.4765625,76.71319580078125,0.16488385200500488,-1,-1,-1
566,18,4962.125,810.785400390625,72.07470703125,77.49310302734375,0.17408108711242676,-1,-1,-1
567,18,4958.12744140625,811.45166015625,73.87841796875,77.37841796875,0.15176287293434143,-1,-1,-1
568,18,4956.4951171875,809.3265991210938,72.05419921875,80.30078125,0.25389790534973145,-1,-1,-1
569,18,4953.97509765625,808.0078125,72.55859375,85.48675537109375,0.28693050146102905,-1,-1,-1
570,18,4949.78125,810.251953125,74.533203125,90.1104736328125,0.3295632600784302,-1,-1,-1
571,18,4947.82666015625,812.8383178710938,73.86279296875,89.70013427734375,0.261063814163208,-1,-1,-1
572,18,4945.40234375,811.6404418945312,72.80615234375,91.37396240234375,0.2638339102268219,-1,-1,-1
573,18,4942.171875,812.0350341796875,73.59521484375,95.01690673828125,0.2866987884044647,-1,-1,-1
574,18,4939.8974609375,813.375244140625,73.82373046875,97.57171630859375,0.34874090552330017,-1,-1,-1
575,18,4938.20458984375,814.4085693359375,72.76806640625,97.7587890625,0.2917732000350952,-1,-1,-1
576,18,4936.02978515625,811.1622924804688,72.4296875,98.83551025390625,0.26057592034339905,-1,-1,-1
577,18,4933.1953125,807.9177856445312,72.580078125,103.01171875,0.2298474907875061,-1,-1,-1
578,18,4931.63720703125,806.4658203125,73.0654296875,104.97344970703125,0.23256823420524597,-1,-1,-1
579,18,4929.4599609375,806.2969970703125,73.26953125,100.9222412109375,0.2253761887550354,-1,-1,-1
580,18,4926.927734375,807.615966796875,75.00537109375,102.94573974609375,0.20848020911216736,-1,-1,-1
581,18,4925.07373046875,808.5637817382812,76.3896484375,104.458251953125,0.20669269561767578,-1,-1,-1
582,18,4924.802734375,809.1151733398438,76.2412109375,105.2210693359375,0.19844932854175568,-1,-1,-1
583,18,4925.40234375,808.8360595703125,75.0341796875,123.716064453125,0.24168458580970764,-1,-1,-1
585,18,4917.3232421875,810.365478515625,83.91357421875,142.37347412109375,0.3374793529510498,-1,-1,-1
586,18,4909.69970703125,810.5018920898438,78.345703125,126.05596923828125,0.36800363659858704,-1,-1,-1
587,18,4905.99169921875,807.9774169921875,76.33642578125,124.609619140625,0.39366215467453003,-1,-1,-1
588,18,4902.2275390625,811.8506469726562,75.23486328125,116.389404296875,0.40359172224998474,-1,-1,-1
589,18,4900.7958984375,816.3436889648438,66.4013671875,107.8067626953125,0.4205031394958496,-1,-1,-1
590,18,4900.53369140625,813.356689453125,62.26318359375,97.60894775390625,0.37404245138168335,-1,-1,-1
591,18,4898.5654296875,813.6558227539062,59.1474609375,89.23492431640625,0.3602463901042938,-1,-1,-1
592,18,4897.771484375,810.0413818359375,57.1767578125,88.20025634765625,0.36568430066108704,-1,-1,-1
593,18,4895.26123046875,811.9442138671875,58.18603515625,94.07208251953125,0.3369269073009491,-1,-1,-1
594,18,4884.35595703125,814.1746826171875,67.04541015625,91.22393798828125,0.38376685976982117,-1,-1,-1
595,18,4877.9326171875,808.5117797851562,70.78759765625,102.2725830078125,0.41391289234161377,-1,-1,-1
596,18,4871.34619140625,807.5889282226562,76.10498046875,105.126708984375,0.39231204986572266,-1,-1,-1
597,18,4866.40771484375,806.8973388671875,78.06494140625,105.57464599609375,0.40783897042274475,-1,-1,-1
598,18,4866.33203125,805.783935546875,75.49365234375,114.03338623046875,0.37669292092323303,-1,-1,-1
599,18,4864.79052734375,804.7173461914062,72.5498046875,114.0682373046875,0.3377782106399536,-1,-1,-1
600,18,4859.1982421875,810.3067626953125,74.93359375,112.043212890625,0.3409897983074188,-1,-1,-1
601,18,4855.34814453125,811.1666870117188,77.1220703125,112.904296875,0.3891875445842743,-1,-1,-1
602,18,4850.330078125,812.2294311523438,77.70849609375,114.93243408203125,0.3091839551925659,-1,-1,-1
603,18,4847.6318359375,809.9468994140625,78.76904296875,119.44854736328125,0.32849743962287903,-1,-1,-1
604,18,4846.28759765625,808.9232177734375,78.66650390625,114.65643310546875,0.2944212555885315,-1,-1,-1
605,18,4843.08154296875,806.0249633789062,80.42919921875,116.108154296875,0.23621654510498047,-1,-1,-1
606,18,4838.04248046875,807.0870971679688,84.1298828125,110.83978271484375,0.15541516244411469,-1,-1,-1
607,18,4835.94921875,809.5243530273438,85.5185546875,107.62060546875,0.15143947303295135,-1,-1,-1
611,18,4829.375,807.9627685546875,71.7265625,92.27020263671875,0.316555917263031,-1,-1,-1
612,18,4828.25830078125,805.4299926757812,72.2685546875,115.59942626953125,0.42445382475852966,-1,-1,-1
613,18,4826.9619140625,804.179443359375,68.015625,132.06134033203125,0.527430534362793,-1,-1,-1
614,18,4824.8125,806.9299926757812,60.5498046875,121.6859130859375,0.5589367151260376,-1,-1,-1
615,18,4821.7548828125,805.8429565429688,57.91943359375,109.4356689453125,0.5374566912651062,-1,-1,-1
616,18,4817.078125,809.7959594726562,56.8505859375,89.02056884765625,0.401549369096756,-1,-1,-1
617,18,4815.58154296875,806.1597900390625,56.380859375,92.98150634765625,0.40230584144592285,-1,-1,-1
618,18,4814.9541015625,813.1517944335938,57.0595703125,88.43524169921875,0.3528430759906769,-1,-1,-1
619,18,4809.98046875,811.2846069335938,59.84912109375,94.41656494140625,0.35934746265411377,-1,-1,-1
620,18,4805.8623046875,811.5673828125,61.158203125,93.258544921875,0.35447826981544495,-1,-1,-1
636,40,4737.89013671875,813.9346313476562,54.90966796875,74.61431884765625,0.3606748878955841,-1,-1,-1
637,40,4732.1552734375,814.7067260742188,53.91064453125,71.658203125,0.3092016875743866,-1,-1,-1
638,40,4729.5712890625,811.4047241210938,49.068359375,75.562255859375,0.3086998462677002,-1,-1,-1
639,40,4726.27197265625,809.7138061523438,44.03857421875,77.378173828125,0.2508097290992737,-1,-1,-1
640,40,4717.27392578125,807.3381958007812,46.48583984375,76.7581787109375,0.20271320641040802,-1,-1,-1
641,40,4712.93017578125,801.7495727539062,48.798828125,85.9554443359375,0.27869167923927307,-1,-1,-1
642,40,4706.66943359375,804.6145629882812,53.3681640625,84.02020263671875,0.15252071619033813,-1,-1,-1
654,40,4664.69287109375,798.7521362304688,50.3515625,95.55670166015625,0.43660226464271545,-1,-1,-1
655,40,4660.66357421875,802.3417358398438,50.580078125,91.2021484375,0.42523157596588135,-1,-1,-1
656,40,4657.99169921875,804.5980224609375,51.041015625,86.2127685546875,0.4627123773097992,-1,-1,-1
657,40,4655.455078125,806.030517578125,51.779296875,82.8834228515625,0.3861536979675293,-1,-1,-1
658,40,4649.24609375,809.3851928710938,54.2880859375,80.38995361328125,0.3288112282752991,-1,-1,-1
659,40,4645.0791015625,810.5694580078125,50.47705078125,80.00384521484375,0.33619239926338196,-1,-1,-1
660,40,4638.0263671875,807.7228393554688,50.595703125,79.2850341796875,0.32122284173965454,-1,-1,-1
661,40,4634.53173828125,808.3152465820312,49.74755859375,78.16302490234375,0.3135400712490082,-1,-1,-1
662,40,4622.60498046875,803.2818603515625,58.5888671875,84.8072509765625,0.34937408566474915,-1,-1,-1
663,40,4620.69140625,800.0982666015625,57.5029296875,88.6868896484375,0.2924515902996063,-1,-1,-1
664,40,4612.2890625,802.481689453125,65.15869140625,89.371337890625,0.1779119223356247,-1,-1,-1
665,40,4609.12548828125,799.4498901367188,66.4697265625,93.42449951171875,0.19905894994735718,-1,-1,-1
666,40,4607.29150390625,799.5059204101562,67.22119140625,94.34307861328125,0.2192297726869583,-1,-1,-1
667,40,4605.30126953125,800.3388671875,68.31103515625,94.5096435546875,0.17570312321186066,-1,-1,-1
670,40,4587.642578125,799.6378784179688,69.29638671875,95.2000732421875,0.25192755460739136,-1,-1,-1
671,40,4585.12109375,797.96630859375,67.794921875,95.3250732421875,0.3014308512210846,-1,-1,-1
672,40,4584.22900390625,798.483642578125,65.4501953125,92.33746337890625,0.275997132062912,-1,-1,-1
673,40,4583.64697265625,801.193359375,66.49853515625,90.97100830078125,0.3357553780078888,-1,-1,-1
674,40,4583.9208984375,797.13623046875,65.181640625,97.7821044921875,0.4096936285495758,-1,-1,-1
675,40,4583.9169921875,792.8125610351562,65.73046875,100.38763427734375,0.3143649101257324,-1,-1,-1
676,40,4583.884765625,790.7568969726562,60.62353515625,102.25634765625,0.36470481753349304,-1,-1,-1
677,40,4583.24951171875,792.1937866210938,57.83642578125,102.09735107421875,0.3649357259273529,-1,-1,-1
678,40,4582.11181640625,799.576171875,57.46337890625,92.8194580078125,0.3524225056171417,-1,-1,-1
679,40,4581.51416015625,796.2467651367188,52.40234375,96.56317138671875,0.33211398124694824,-1,-1,-1
680,40,4579.14794921875,795.7227172851562,50.62158203125,95.0047607421875,0.3338910639286041,-1,-1,-1
681,40,4576.77294921875,799.9729614257812,50.681640625,87.20123291015625,0.34991350769996643,-1,-1,-1
682,40,4575.9501953125,801.7845458984375,50.587890625,85.75274658203125,0.3615392744541168,-1,-1,-1
683,40,4573.9013671875,804.2568359375,51.06689453125,82.61285400390625,0.3613601326942444,-1,-1,-1
684,40,4572.083984375,804.9540405273438,51.40869140625,82.45306396484375,0.38030850887298584,-1,-1,-1
685,40,4573.837890625,801.887939453125,48.59326171875,87.28558349609375,0.371438592672348,-1,-1,-1
686,40,4574.07568359375,798.5657958984375,47.76708984375,91.48583984375,0.40982064604759216,-1,-1,-1
687,40,4574.9033203125,795.3323364257812,46.21923828125,95.12103271484375,0.4092045724391937,-1,-1,-1
688,40,4570.57177734375,796.22998046875,48.302734375,94.27557373046875,0.3873489499092102,-1,-1,-1
689,40,4567.47900390625,797.370361328125,46.28271484375,93.43670654296875,0.3070223927497864,-1,-1,-1
690,40,4565.2548828125,797.306640625,43.9716796875,94.53192138671875,0.24889400601387024,-1,-1,-1
691,40,4564.09033203125,797.0,43.65673828125,95.419189453125,0.2756015956401825,-1,-1,-1
692,40,4564.17919921875,797.7210083007812,42.6416015625,95.15106201171875,0.2682651877403259,-1,-1,-1
693,40,4563.01904296875,799.3422241210938,42.49853515625,93.8170166015625,0.23909683525562286,-1,-1,-1
694,40,4561.130859375,802.4742431640625,43.3017578125,90.80120849609375,0.2185009866952896,-1,-1,-1
695,40,4559.95263671875,802.4521484375,44.49853515625,91.400146484375,0.2187308669090271,-1,-1,-1
696,40,4560.1123046875,802.6304321289062,44.70654296875,91.7794189453125,0.20483411848545074,-1,-1,-1
697,40,4561.734375,800.8656616210938,45.4375,93.52899169921875,0.24492397904396057,-1,-1,-1
698,40,4562.7763671875,799.2769775390625,48.23828125,95.16119384765625,0.29597094655036926,-1,-1,-1
699,40,4563.6259765625,797.6338500976562,51.1298828125,96.56524658203125,0.3016199767589569,-1,-1,-1
700,40,4564.6513671875,796.6766357421875,51.68017578125,96.76422119140625,0.2945237159729004,-1,-1,-1
701,40,4564.50244140625,797.2696533203125,53.7314453125,94.4619140625,0.3133428990840912,-1,-1,-1
702,40,4564.166015625,799.9044799804688,55.71337890625,90.8231201171875,0.28173914551734924,-1,-1,-1
703,40,4564.13671875,801.0990600585938,57.62109375,87.4775390625,0.32745808362960815,-1,-1,-1
704,40,4563.98974609375,801.4302368164062,59.25390625,86.05206298828125,0.3482126295566559,-1,-1,-1
705,40,4563.55859375,800.5970458984375,61.56591796875,86.8074951171875,0.30695676803588867,-1,-1,-1
706,40,4566.26025390625,798.0487670898438,61.5673828125,90.10797119140625,0.36687740683555603,-1,-1,-1
707,40,4570.2607421875,795.523681640625,59.29736328125,93.15911865234375,0.39234793186187744,-1,-1,-1
708,40,4569.89697265625,793.8862915039062,60.14794921875,93.4012451171875,0.35092195868492126,-1,-1,-1
709,40,4571.00244140625,795.46044921875,58.857421875,92.875732421875,0.3279472291469574,-1,-1,-1
710,40,4568.4521484375,800.5194702148438,61.38330078125,88.4781494140625,0.33363819122314453,-1,-1,-1
711,40,4568.72119140625,801.6532592773438,65.87646484375,84.52740478515625,0.3249019384384155,-1,-1,-1
712,40,4566.67822265625,802.6173095703125,72.0859375,82.58740234375,0.35023507475852966,-1,-1,-1
713,40,4568.193359375,801.37841796875,72.8798828125,82.63262939453125,0.36179232597351074,-1,-1,-1
714,40,4570.8154296875,804.3198852539062,70.3310546875,77.5748291015625,0.33321821689605713,-1,-1,-1
715,40,4574.5322265625,808.7745361328125,67.11328125,70.7060546875,0.3138280212879181,-1,-1,-1
716,40,4576.109375,809.7103881835938,69.2158203125,71.81500244140625,0.3291213810443878,-1,-1,-1
717,40,4574.9599609375,809.7980346679688,76.0546875,72.860107421875,0.27692076563835144,-1,-1,-1
718,40,4575.28857421875,808.5836791992188,78.57177734375,74.8822021484375,0.31549495458602905,-1,-1,-1
719,40,4575.8935546875,806.48388671875,78.57373046875,76.63671875,0.2725709080696106,-1,-1,-1
720,40,4576.08447265625,805.7916870117188,78.58642578125,77.839599609375,0.22803857922554016,-1,-1,-1
721,40,4574.81201171875,806.1529541015625,84.81396484375,79.8531494140625,0.18315331637859344,-1,-1,-1
722,40,4579.3359375,803.0872192382812,82.39990234375,83.78118896484375,0.2049018293619156,-1,-1,-1
723,40,4581.994140625,801.3079223632812,81.06005859375,86.262939453125,0.1641453355550766,-1,-1,-1
